0b005901 0b004b01 10000 100 172078 2000053117 24049 22630
0b005401 0b007d01 10000 100 705287 2000038094 85991 67334
0b004a01 0b004201 10000 100 1461 2000128015 4247 4284
0b001e01 0b002601 10000 100 75469 2000119828 14975 14529
0b003301 0b001401 10000 100 11935 2000141902 9233 9200
0b005401 0b004a01 10000 100 59419 2000147430 13511 13183
0b006d01 0b007101 10000 100 40835 2000161536 11835 11624
0b003f01 0b003501 10000 100 4421 2000184582 4514 4532
0b002801 0b002501 10000 100 12207 2000185231 5216 5186
0b004401 0b005801 10000 100 729 2000217462 8194 8262
0b007601 0b005b01 10000 100 8785 2000224988 8951 8937
0b001f01 0b001901 10000 100 694618 2000129085 112115 62398
0b000f01 0b003101 10000 100 22481 2000251840 10186 10086
0b001801 0b000501 10000 100 32204 2000277903 11064 10903
0b003a01 0b002201 10000 100 67351 2000277270 14226 13849
0b001e01 0b002001 10000 100 23842 2000281450 10305 10199
0b004901 0b006301 10000 100 23984 2000333506 10317 10210
0b003c01 0b001d01 10000 100 28406 2000397630 10720 10583
0b000501 0b001901 10000 100 35917 2000434386 11391 11211
0b003f01 0b002701 10000 100 3126 2000476755 8538 8465
0b006c01 0b006601 10000 100 722318 2000425726 121182 64721
0b005901 0b007901 10000 100 36301 2000559603 11432 11246
0b003a01 0b000201 10000 100 307375 2000549335 37753 33972
0b005a01 0b004b01 10000 100 28391 2000594759 10719 10582
0b001601 0b002a01 10000 100 75712 2000594460 14975 14548
0b005901 0b005301 10000 100 3589 2000618096 4437 4462
0b002201 0b003601 10000 100 61078 2000666730 14232 13324
0b003901 0b002201 10000 100 15805 2000710599 9582 9525
0b001901 0b000d01 10000 100 369995 2000786183 44456 39220
0b000d01 0b002101 10000 100 12782 2000880661 9310 9272
0b003601 0b000b01 10000 100 1494012 2000632379 269498 133461
0b007801 0b005601 10000 100 729801 2000819201 89468 69387
0b002701 0b000901 10000 100 1100 2000927336 8266 8295
0b007401 0b005c01 10000 100 1574919 2000638674 307985 140241
0b007a01 0b006a01 10000 100 6900 2000958664 8780 8778
0b004801 0b005d01 10000 100 30231 2000984079 11136 10737
0b002701 0b002e01 10000 100 48745 2000999242 8499 8247
0b004a01 0b007501 10000 100 1834238 2000525987 513141 161985
0b001101 0b000e01 10000 100 70739 2001042636 14527 14131
0b004501 0b005f01 10000 100 25738 2001050482 10587 10358
0b004701 0b006101 10000 100 97051 2001128555 19921 16340
0b004e01 0b006301 10000 100 27536 2001148917 10659 10510
0b000d01 0b002901 10000 100 35104 2001221827 11326 11146
0b003701 0b001001 10000 100 1701799 2000959737 384045 150879
0b006901 0b004501 10000 100 40242 2001366892 11787 11576
0b005f01 0b007f01 10000 100 21288 2001399903 10280 9987
0b006b01 0b005d01 10000 100 1721935 2001015972 398357 152567
0b003a01 0b001e01 10000 100 155288 2001396923 22466 21222
0b003701 0b003101 10000 100 26587 2001444483 6507 6390
0b000b01 0b001001 10000 100 10125 2001446141 9088 9052
0b001701 0b002101 10000 100 76712 2001488875 15066 14632
0b005701 0b006901 10000 100 38171 2001499691 11622 11403
0b000201 0b001b01 10000 100 4003 2001518306 8528 8539
0b007301 0b006b01 10000 100 148096 2001518277 21771 20619
0b004701 0b005b01 10000 100 1896535 2000927191 620243 167207
0b005001 0b004601 10000 100 27817 2001547962 10663 10532
0b005a01 0b004701 10000 100 48937 2001576114 12665 12303
0b004d01 0b005b01 10000 100 1413 2001593029 8295 8320
0b005301 0b007101 10000 100 60486 2001726248 13607 13273
0b005a01 0b004a01 10000 100 11765 2001731921 10381 9187
0b006c01 0b007701 10000 100 20130 2001744391 9978 9891
0b002801 0b003d01 10000 100 1878201 2001222804 574763 165671
0b007b01 0b005401 10000 100 20433 2001832878 10011 9915
0b004201 0b006f01 10000 100 78580 2001831875 22244 14789
0b006a01 0b004801 10000 100 61650 2001899313 13848 13370
0b006b01 0b005a01 10000 100 1418649 2001687600 240987 127140
0b004e01 0b005d01 10000 100 9019 2001925482 8979 8959
0b006901 0b007801 10000 100 5483 2001943140 8657 8661
0b007301 0b004501 10000 100 67383 2001974554 14229 13851
0b000e01 0b002101 10000 100 1045311 2001863493 142939 95841
0b005a01 0b004c01 10000 100 383561 2001905048 112293 40359
0b004101 0b005801 10000 100 2712 2002009875 8405 8428
0b007801 0b007e01 10000 100 41089 2002127445 7817 7608
0b005201 0b007b01 10000 100 43274 2002175219 12060 11830
0b000701 0b001301 10000 100 178 2002190920 8118 8218
0b007b01 0b006b01 10000 100 8258 2002194774 8909 8895
0b006701 0b006401 10000 100 897824 2002023118 215537 79434
0b000801 0b002d01 10000 100 25924 2002239492 10493 10373
0b002101 0b000b01 10000 100 19923 2002256432 10833 9870
0b007501 0b007a01 10000 100 4089 2002347961 4487 4506
0b001d01 0b000001 10000 100 6768 2002346300 8885 8768
0b000e01 0b003001 10000 100 21573 2002356305 10114 10010
0b003b01 0b000301 10000 100 190615 2002346385 25860 24182
0b006501 0b005d01 10000 100 156236 2002352162 22542 21301
0b004f01 0b006201 10000 100 34980 2002399409 11306 11132
0b003f01 0b001601 10000 100 415169 2002356106 68577 43010
0b000901 0b000201 10000 100 36794 2002427770 7423 7245
0b004f01 0b007501 10000 100 133673 2002422093 20392 19408
0b002c01 0b000701 10000 100 27048 2002444257 10872 10471
0b005701 0b004d01 10000 100 53350 2002447490 12976 12675
0b003101 0b001e01 10000 100 1313 2002482903 8283 8312
0b003801 0b002301 10000 100 3693 2002483055 8872 8510
0b006801 0b005b01 10000 100 884038 2002383238 113312 82321
0b002601 0b001001 10000 100 78849 2002493496 18946 14811
0b007701 0b005d01 10000 100 4710 2002573969 8585 8596
0b000001 0b000201 10000 100 70785 2002587616 10593 10095
0b006c01 0b005101 10000 100 8818 2002703404 8953 8940
0b002301 0b001b01 10000 100 3616 2002733783 8487 8504
0b004501 0b007e01 10000 100 105938 2002778756 17753 17082
0b007101 0b004d01 10000 100 15173 2002828902 9532 9475
0b006101 0b007201 10000 100 830540 2002786630 104846 77834
0b006f01 0b005301 10000 100 62685 2002885972 13825 13456
0b000a01 0b002301 10000 100 4289 2002941560 8953 8562
0b002801 0b003e01 10000 100 3380 2002945566 8468 8485
0b007501 0b006901 10000 100 21979 2002944000 10168 10042
0b005c01 0b004b01 10000 100 160281 2002945439 23040 21640
0b000401 0b002401 10000 100 70370 2002988848 14517 14102
0b006e01 0b004601 10000 100 63654 2003041179 14070 13538
0b006601 0b004101 10000 100 21144 2003070414 10090 9976
0b006501 0b007701 10000 100 3444 2003141716 8473 8490
0b000201 0b003f01 10000 100 41613 2003151336 12359 11690
0b007e01 0b005401 10000 100 193318 2003143730 26159 24410
0b005701 0b007f01 10000 100 1563585 2002880694 294770 139292
0b006901 0b007c01 10000 100 547261 2003104438 75897 54085
0b007201 0b005f01 10000 100 1839 2003221061 8325 8354
0b000501 0b002b01 10000 100 13478 2003237417 9376 9332
0b000701 0b003401 10000 100 20115 2003254409 9987 9889
0b003201 0b000201 10000 100 1300496 2003126942 201914 117235
0b001401 0b002701 10000 100 955136 2003208083 125499 88281
0b006101 0b005401 10000 100 542708 2003303247 65212 53701
0b006801 0b006301 10000 100 31829 2003363373 10946 6829
0b000401 0b002f01 10000 100 40503 2003379789 11818 11597
0b000601 0b000501 10000 100 844239 2003265277 176418 74943
0b002801 0b001b01 10000 100 20003 2003435151 9978 9880
0b002a01 0b001f01 10000 100 37629 2003465306 11548 11356
0b007f01 0b007601 10000 100 8063004 2000025481 3478769 680166
0b001301 0b002d01 10000 100 914074 2003389970 121327 84839
0b005a01 0b006301 10000 100 1403383 2003299589 232315 125862
0b007f01 0b006b01 10000 100 6971 2003608493 8786 8784
0b003701 0b001701 10000 100 76929 2003605970 21943 14650
0b001a01 0b003a01 10000 100 26788 2003648117 10671 10446
0b002d01 0b003401 10000 100 149846 2003692808 22036 20763
0b007901 0b007101 10000 100 2911 2003730860 4373 4404
0b002601 0b003e01 10000 100 38097 2003752067 11606 11397
0b000f01 0b002d01 10000 100 21255 2003783136 10178 9984
0b001d01 0b001901 10000 100 1261329 2002150760 1652086 109912
0b006c01 0b007701 10001 100 1413456 2003582762 228808 126706
0b007401 0b004601 10000 100 71519 2003809661 14712 14198
0b006901 0b006101 10000 100 6954415 2000452391 3394059 587220
0b001701 0b000601 10000 100 100035 2003836933 17441 16590
0b001301 0b002e01 10000 100 50875 2003861456 12931 12465
0b003d01 0b002601 10000 100 783201 2003792285 98491 73866
0b001701 0b003501 10000 100 24516 2003932322 10597 10257
0b000b01 0b003c01 10000 100 18415 2003957704 9821 9746
0b006f01 0b006401 10000 100 66512 2004040832 10371 9738
0b001a01 0b002301 10000 100 2235241 2002242910 1825489 195605
0b001901 0b000d01 10002 100 2741 2004091079 8407 8430
0b003501 0b002501 10000 100 1453167 2003863049 287627 130036
0b004b01 0b007301 10000 100 1544605 2003896383 287939 137701
0b004901 0b004b01 10000 100 2971022 2001212879 2981218 253254
0b007a01 0b006401 10000 100 23382 2004213807 10268 10162
0b003401 0b003301 10000 100 2745 2004252618 4414 4391
0b003501 0b001401 10000 100 3437250 2000964635 3379796 296381
0b000401 0b001a01 10000 100 564003 2004336825 67186 55489
0b000f01 0b000801 10000 100 77075 2004409367 11396 10625
0b002401 0b002601 10000 100 78699 2004463091 11701 10759
0b002f01 0b001e01 10000 100 25385 2004464437 14918 10330
0b003401 0b000b01 10000 100 7077 2004494375 8819 8796
0b002101 0b002501 10000 100 63959 2004503766 10234 9522
0b004001 0b004401 10000 100 35866 2004521067 10502 7167
0b007501 0b007901 10000 100 2812910 2001546177 3010033 239994
0b000301 0b001101 10000 100 80102 2004558729 19405 14919
0b006401 0b005601 10000 100 5085 2004607419 8629 8629
0b005901 0b007f01 10000 100 1853 2004624225 8328 8355
0b003101 0b000a01 10000 100 1952784 2003926491 711174 171922
0b007601 0b005e01 10000 100 5790 2004646006 8780 8686
0b001701 0b001001 10000 100 1525970 2002441165 2220846 132097
0b003401 0b000f01 10000 100 3651 2004664540 8500 8507
0b006e01 0b007101 10000 100 73171 2004669277 15292 14337
0b001701 0b000d01 10000 100 55092 2004749138 13234 12822
0b007c01 0b007501 10000 100 77704 2004835737 11263 10675
0b001801 0b003801 10000 100 484 2004851289 8146 8242
0b003e01 0b000b01 10000 100 71142 2004861705 14809 14167
0b003a01 0b003401 10000 100 1891454 2002262215 2639434 162741
0b002401 0b000e01 10000 100 1518090 2004598903 303089 135480
0b007b01 0b006201 10000 100 623770 2004835798 74885 60497
0b003101 0b001301 10000 100 64866 2004918728 19843 13638
0b003a01 0b001e01 10001 100 29217 2004938754 12440 10652
0b000501 0b003801 10000 100 26483 2004975876 10567 10422
0b007601 0b004001 10000 100 21843 2004982602 10134 10031
0b002f01 0b002801 10000 100 6675643 2001425384 3590665 563847
0b006b01 0b006201 10000 100 41448 2005009772 7846 7637
0b003d01 0b003901 10000 100 36840 2005046796 7877 7249
0b006a01 0b004901 10000 100 24478 2005048464 10366 10254
0b005f01 0b007401 10000 100 7691867 2000909940 4156591 653086
0b001401 0b003801 10000 100 651934 2004986501 95971 62858
0b001301 0b000e01 10000 100 4321269 2001537300 3548889 370498
0b007701 0b006601 10000 100 8826 2005087534 8954 8940
0b005b01 0b005501 10000 100 1751041 2002597363 2508982 150970
0b001c01 0b000101 10000 100 9641564 2000860771 4291225 816550
0b004001 0b004b01 10000 100 53344 2005177567 8942 8634
0b000801 0b003801 10000 100 29819 2005232642 10863 10700
0b004101 0b006801 10000 100 117453 2005245967 19139 18049
0b004701 0b004d01 10000 100 36040 2005277090 7543 7185
0b002301 0b000d01 10000 100 104018 2005272838 17815 16924
0b002e01 0b002c01 10000 100 74345 2005292873 10967 10395
0b006b01 0b005601 10000 100 22273 2005308823 10190 10070
0b007601 0b007f01 10000 100 55581 2005340260 9261 8821
0b005701 0b004701 10000 100 861431 2005186026 182645 80424
0b000501 0b001c01 10000 100 6244 2005364425 8907 8726
0b006801 0b005301 10000 100 42496 2005377954 12027 11764
0b003401 0b001601 10000 100 2982801 2002276109 3187219 258278
0b002c01 0b001701 10000 100 155651 2005440902 36166 21251
0b006e01 0b007401 10000 100 4024995 2001603232 3881949 345655
0b007101 0b005501 10000 100 33940 2005475632 11433 11045
0b004101 0b007501 10000 100 326435 2005448714 40682 35570
0b001701 0b003101 10000 100 76736 2005477132 15125 14634
0b003f01 0b002d01 10000 100 76270 2005496352 15136 14597
0b007a01 0b005b01 10000 100 1567967 2005287311 298484 139658
0b000701 0b003601 10000 100 72147 2005587794 15012 14252
0b004e01 0b006b01 10000 100 54893 2005590994 13219 12802
0b006001 0b005101 10000 100 49709 2005596525 12725 12368
0b002401 0b000701 10000 100 4639813 2001963971 3691756 397202
0b002101 0b001d01 10000 100 4608616 2002108080 3563497 394587
0b002401 0b001601 10000 100 70155 2005677837 14505 14085
0b007b01 0b007601 10000 100 9109 2005786549 5029 4927
0b003d01 0b003501 10000 100 2777443 2002822156 2980027 237022
0b004301 0b004401 10000 100 19361 2005812523 9359 5785
0b002001 0b000c01 10000 100 944245 2005724949 123569 87368
0b004601 0b004a01 10000 100 69482 2005851515 10473 9987
0b002801 0b000501 10000 100 8537 2005863989 8931 8917
0b000301 0b001f01 10000 100 65950 2005884408 14094 13729
0b002a01 0b000901 10000 100 320585 2005862850 39157 35079
0b007e01 0b007f01 10000 100 597025 2005825186 85780 54218
0b007101 0b007601 10000 100 1538422 2003653799 2274158 133143
0b005e01 0b004801 10000 100 17013630 2000936132 5030616 1434624
0b000f01 0b003f01 10000 100 3949374 2002588368 3400992 339317
0b004b01 0b006101 10000 100 982566 2005866273 133076 90580
0b007201 0b006d01 10000 100 1873 2006012310 8328 8357
0b000001 0b000f01 10000 100 2390890 2003200038 2837179 204612
0b000e01 0b001c01 10000 100 7622 2006055492 9388 8840
0b003301 0b003001 10000 100 48030 2006073234 8537 8190
0b006f01 0b004b01 10000 100 25104 2006109080 10606 10308
0b003d01 0b001701 10000 100 45799 2006109100 12304 12040
0b001301 0b000601 10000 100 3076 2006159006 8508 8461
0b007001 0b005401 10000 100 3491 2006210260 8477 8494
0b000001 0b002501 10000 100 59455 2006308213 13903 13186
0b000701 0b001701 10000 100 4092 2006317666 8535 8546
0b003e01 0b000501 10000 100 3958 2006319179 8515 8532
0b000c01 0b001c01 10000 100 4801615 2002378490 4005349 410768
0b007401 0b004501 10000 100 1836818 2006103423 364487 162199
0b002301 0b000901 10000 100 1708495 2006088173 383613 151442
0b004301 0b004501 10000 100 7643288 2002837779 3647747 644976
0b004a01 0b007301 10000 100 74823 2006507018 14897 14473
0b006801 0b004e01 10000 100 872387 2006430932 111219 81343
0b000a01 0b001c01 10000 100 9181842 2002007091 4538285 778006
0b001a01 0b002a01 10000 100 1684832 2006176658 372417 149456
0b005401 0b004201 10000 100 140028 2006569609 21082 19943
0b002601 0b003901 10000 100 114598 2006582797 18958 17809
0b001401 0b002c01 10000 100 33553 2006593339 11272 11014
0b001f01 0b003001 10000 100 61025 2006602116 13682 13320
0b007201 0b004301 10000 100 3332 2006651073 8464 8481
0b005101 0b007c01 10000 100 13447 2006656970 9394 9329
0b005301 0b006501 10000 100 95043 2006649828 16731 16172
0b005701 0b004901 10000 100 1392656 2006439423 290370 124961
0b002e01 0b001001 10000 100 1573465 2006071578 680642 140121
0b005201 0b006001 10000 100 22919 2006775102 10460 10121
0b001101 0b000301 10000 100 9342 2006823738 9015 8985
0b002501 0b002101 10000 100 3959652 2003614284 3231545 336138
0b001401 0b000701 10000 100 74981 2006877188 15204 14486
0b001d01 0b003201 10000 100 7732 2006938161 8856 8849
0b003601 0b002301 10000 100 2904 2006961185 8518 8443
0b006901 0b004401 10000 100 2594032 2004042640 2942247 225687
0b006301 0b007f01 10000 100 3477328 2003740241 3253856 299741
0b001401 0b001d01 10000 100 52900 2006985638 9082 8595
0b003801 0b002601 10000 100 5901700 2002977710 4017612 502999
0b001301 0b000b01 10000 100 1843570 2006481255 535977 162766
0b002f01 0b002e01 10000 100 4687 2007038711 4884 4554
0b007001 0b007c01 10000 100 669558 2006961099 104675 60297
0b005201 0b004601 10000 100 156116 2007046246 22532 21292
