2025424847 136 1 2 1
2025430431 136 1 2 0
2025433025 136 1 2 1
2025443841 136 1 2 0
2025446618 136 1 2 1
2025457611 136 1 2 0
2025460359 136 1 2 1
2025471381 136 1 2 0
2025474151 136 1 2 1
2025485151 136 1 2 0
2025487877 136 1 2 1
2025499461 136 1 2 0
2025501989 136 1 2 1
2025512871 136 1 2 0
2025515633 136 1 2 1
2025526641 136 1 2 0
2025529379 136 1 2 1
2025540231 136 1 2 0
2025543617 136 1 2 1
2025554293 136 1 2 0
2025557085 136 1 2 1
2025568041 136 1 2 0
2025570811 136 1 2 1
2025580595 136 1 2 0
2025583519 136 1 2 1
2025591395 136 1 2 0
2025594159 136 1 2 1
2025602111 136 1 2 0
2025604895 136 1 2 1
2025612816 136 1 2 0
2025615542 136 1 2 1
2025623435 136 1 2 0
2025626269 136 1 2 1
2025634235 136 1 2 0
2025636983 136 1 2 1
2025644855 136 1 2 0
2025647625 136 1 2 1
2025655475 136 1 2 0
2025658245 136 1 2 1
2025666095 136 1 2 0
2025668843 136 1 2 1
2025676715 136 1 2 0
2025679545 136 1 2 1
2025687425 136 1 2 0
2025690165 136 1 2 1
2025698135 136 1 2 0
2025700949 136 1 2 1
2025708845 136 1 2 0
2025711593 136 1 2 1
2025719465 136 1 2 0
2025722213 136 1 2 1
2025730085 136 1 2 0
2025732855 136 1 2 1
2025740621 136 1 2 0
2025743369 136 1 2 1
2025751239 136 1 2 0
2025754011 136 1 2 1
2025761855 136 1 2 0
2025764603 136 1 2 1
2025772496 136 1 2 0
2025775310 136 1 2 1
2025783195 136 1 2 0
2025785943 136 1 2 1
2025793805 136 1 2 0
2025796575 136 1 2 1
2025804425 136 1 2 0
2025807173 136 1 2 1
2025815135 136 1 2 0
2025817949 136 1 2 1
2025825845 136 1 2 0
2025828615 136 1 2 1
2025836570 136 1 2 0
2025839384 136 1 2 1
2025847265 136 1 2 0
2025850035 136 1 2 1
2025857993 136 1 2 0
2025860763 136 1 2 1
2025868685 136 1 2 0
2025871455 136 1 2 1
2025879416 136 1 2 0
2025882252 136 1 2 1
2025890105 136 1 2 0
2025892853 136 1 2 1
2025900725 136 1 2 0
2025903567 136 1 2 1
2025910895 136 1 2 0
2025913770 136 1 2 1
2025921245 136 1 2 0
2025924125 136 1 2 1
2025931505 136 1 2 0
2025934341 136 1 2 1
2025941675 136 1 2 0
2025944511 136 1 2 1
2025951845 136 1 2 0
2025954725 136 1 2 1
2025962126 136 1 2 0
2025964984 136 1 2 1
2025972276 136 1 2 0
2025975024 136 1 2 1
2025982535 136 1 2 0
2025985392 136 1 2 1
2025992885 136 1 2 0
2025995743 136 1 2 1
2026003055 136 1 2 0
2026005891 136 1 2 1
2026013225 136 1 2 0
2026016083 136 1 2 1
2026023310 136 1 2 0
2026026124 136 1 2 1
2026033386 136 1 2 0
2026036225 136 1 2 1
2026043645 136 1 2 0
2026046459 136 1 2 1
2026053815 136 1 2 0
2026056651 136 1 2 1
2026063999 136 1 2 0
2026066835 136 1 2 1
2026074155 136 1 2 0
2026076969 136 1 2 1
2026084325 136 1 2 0
2026087183 136 1 2 1
2026094585 136 1 2 0
2026097415 136 1 2 1
2026104856 136 1 2 0
2026107714 136 1 2 1
2026115020 136 1 2 0
2026117897 136 1 2 1
2026124915 136 1 2 0
2026127751 136 1 2 1
2026135175 136 1 2 0
2026138055 136 1 2 1
2026145435 136 1 2 0
2026148304 136 1 2 1
2026155785 136 1 2 0
2026158665 136 1 2 1
2026166045 136 1 2 0
2026168859 136 1 2 1
2026176215 136 1 2 0
2026179029 136 1 2 1
2026186475 136 1 2 0
2026189311 136 1 2 1
2026196735 136 1 2 0
2026199593 136 1 2 1
2026206995 136 1 2 0
2026209809 136 1 2 1
2026217345 136 1 2 0
2026220115 136 1 2 1
2026227515 136 1 2 0
2026230329 136 1 2 1
2026237865 136 1 2 0
2026240679 136 1 2 1
2026248125 136 1 2 0
2026250873 136 1 2 1
2026258295 136 1 2 0
2026261109 136 1 2 1
2026268645 136 1 2 0
2026271459 136 1 2 1
2026275811 136 1 2 0
2026279263 136 1 2 1
2026283233 136 1 2 0
2026287704 136 1 2 1
2026290890 136 1 2 0
2029626387 139 1 1 1
2029629731 139 1 1 0
2029633049 139 1 1 1
2029637201 139 1 1 0
2029640507 139 1 1 1
2029644671 139 1 1 0
2029648035 139 1 1 1
2029652327 139 1 1 0
2029655781 139 1 1 1
2029660061 139 1 1 0
2029663471 139 1 1 1
2029667711 139 1 1 0
2029671075 139 1 1 1
2029675271 139 1 1 0
2029678635 139 1 1 1
2029682837 139 1 1 0
2029686203 139 1 1 1
2029690391 139 1 1 0
2029693767 139 1 1 1
2029697951 139 1 1 0
2029701317 139 1 1 1
2029705421 139 1 1 0
2029708785 139 1 1 1
2029712987 139 1 1 0
2029716287 139 1 1 1
2029720451 139 1 1 0
2029723827 139 1 1 1
2029727921 139 1 1 0
2029731317 139 1 1 1
2029735481 139 1 1 0
2029738847 139 1 1 1
2029743057 139 1 1 0
2029746357 139 1 1 1
2029746371 139 1 1 0
2029746423 139 1 1 1
2029750601 139 1 1 0
2029753977 139 1 1 1
2029758161 139 1 1 0
2029761525 139 1 1 1
2029765721 139 1 1 0
2029769087 139 1 1 1
2029773297 139 1 1 0
2029776663 139 1 1 1
2029780841 139 1 1 0
2029784227 139 1 1 1
2029788401 139 1 1 0
2029791769 139 1 1 1
2029795967 139 1 1 0
2029799333 139 1 1 1
2029803521 139 1 1 0
2029806843 139 1 1 1
2029810991 139 1 1 0
2029814313 139 1 1 1
2029818551 139 1 1 0
2029821877 139 1 1 1
2029826127 139 1 1 0
2029830695 139 1 1 1
2029833943 139 1 1 0
2029838317 139 1 1 1
2029842671 139 1 1 0
2029845987 139 1 1 1
2029850237 139 1 1 0
2029853577 139 1 1 1
2029857791 139 1 1 0
2029861113 139 1 1 1
2029865351 139 1 1 0
2029868747 139 1 1 1
2029872911 139 1 1 0
2029876247 139 1 1 1
2029880487 139 1 1 0
2029883877 139 1 1 1
2029888031 139 1 1 0
2029891353 139 1 1 1
2029895501 139 1 1 0
2029898737 139 1 1 1
2029898741 139 1 1 0
2029898801 139 1 1 1
2029903067 139 1 1 0
2029906389 139 1 1 1
2029910531 139 1 1 0
2029913853 139 1 1 1
2029918001 139 1 1 0
2029921317 139 1 1 1
2029925477 139 1 1 0
2029928755 139 1 1 1
2029932851 139 1 1 0
2029936175 139 1 1 1
2029940411 139 1 1 0
2029943779 139 1 1 1
2029947971 139 1 1 0
2029951339 139 1 1 1
2029955531 139 1 1 0
2029958899 139 1 1 1
2029963091 139 1 1 0
2029966413 139 1 1 1
2029970471 139 1 1 0
2029973769 139 1 1 1
2029978031 139 1 1 0
2029981355 139 1 1 1
2029985501 139 1 1 0
2029988823 139 1 1 1
2029992881 139 1 1 0
2029996183 139 1 1 1
2030000891 139 1 1 0
2030003817 139 1 1 1
2030009081 139 1 1 0
2030012709 139 1 1 1
2030018987 139 1 1 0
2030022455 139 1 1 1
2030027259 139 1 1 0
2030030827 139 1 1 1
2030037431 139 1 1 0
2030041013 139 1 1 1
2030045799 139 1 1 0
2030048997 139 1 1 1
2030054711 139 1 1 0
2030058273 139 1 1 1
2030063081 139 1 1 0
2030065985 139 1 1 1
2030071811 139 1 1 0
2030075371 139 1 1 1
2030080091 139 1 1 0
2030083021 139 1 1 1
2030088459 139 1 1 0
2030092085 139 1 1 1
2030097821 139 1 1 0
2030100749 139 1 1 1
2030100791 139 1 1 0
2030100831 139 1 1 1
2030105561 139 1 1 0
2030109123 139 1 1 1
2030115111 139 1 1 0
2030118491 139 1 1 1
2030123201 139 1 1 0
2030126421 139 1 1 1
2030132561 139 1 1 0
2030136145 139 1 1 1
2030140929 139 1 1 0
2030143925 139 1 1 1
2030149301 139 1 1 0
2030152839 139 1 1 1
2030158751 139 1 1 0
2030161951 139 1 1 1
2030166759 139 1 1 0
2030170361 139 1 1 1
2030176841 139 1 1 0
2030180335 139 1 1 1
2030185031 139 1 1 0
2030188139 139 1 1 1
2030193761 139 1 1 0
2030197323 139 1 1 1
2030202311 139 1 1 0
2030205239 139 1 1 1
2030210701 139 1 1 0
2030214237 139 1 1 1
2030219591 139 1 1 0
2030222519 139 1 1 1
2030227341 139 1 1 0
2030230923 139 1 1 1
2030237141 139 1 1 0
2030240433 139 1 1 1
2030245261 139 1 1 0
2030248889 139 1 1 1
2030255141 139 1 1 0
2030258741 139 1 1 1
2030263801 139 1 1 0
2030266707 139 1 1 1
2030271971 139 1 1 0
2030275571 139 1 1 1
2030280971 139 1 1 0
2030283899 139 1 1 1
2030289071 139 1 1 0
2030292671 139 1 1 1
2030298701 139 1 1 0
2030302105 139 1 1 1
2030302121 139 1 1 0
2030302171 139 1 1 1
2030306981 139 1 1 0
2030310519 139 1 1 1
2030317241 139 1 1 0
2030320821 139 1 1 1
2030325621 139 1 1 0
2030328887 139 1 1 1
2030334699 139 1 1 0
2030338261 139 1 1 1
2030338301 139 1 1 0
2030338327 139 1 1 1
2030343811 139 1 1 0
2030346715 139 1 1 1
2030351619 139 1 1 0
2030355221 139 1 1 1
2030355221 139 1 1 0
2030355249 139 1 1 1
2030360531 139 1 1 0
2030363707 139 1 1 1
2030368451 139 1 1 0
2030372127 139 1 1 1
2030372151 139 1 1 0
2030372173 139 1 1 1
2030377991 139 1 1 0
2030381937 139 1 1 1
2030386731 139 1 1 0
2030389909 139 1 1 1
2030395809 139 1 1 0
2030399463 139 1 1 1
2030405261 139 1 1 0
2030408471 139 1 1 1
2030413271 139 1 1 0
2030416903 139 1 1 1
2030423441 139 1 1 0
2030426913 139 1 1 1
2030431721 139 1 1 0
2030435033 139 1 1 1
2030440991 139 1 1 0
2030444667 139 1 1 1
2030449541 139 1 1 0
2030452471 139 1 1 1
2030458541 139 1 1 0
2030462039 139 1 1 1
2030462051 139 1 1 0
2030462083 139 1 1 1
2030466909 139 1 1 0
2030469837 139 1 1 1
2030475281 139 1 1 0
2030478867 139 1 1 1
2030484911 139 1 1 0
2030488225 139 1 1 1
2030492921 139 1 1 0
2030496505 139 1 1 1
2030502911 139 1 1 0
2030506473 139 1 1 1
2030511281 139 1 1 0
2030514187 139 1 1 1
2030519649 139 1 1 0
2030523211 139 1 1 1
2030528291 139 1 1 0
2030531151 139 1 1 1
2030536571 139 1 1 0
2030540135 139 1 1 1
2030545391 139 1 1 0
2030548297 139 1 1 1
2030553219 139 1 1 0
2030556803 139 1 1 1
2030562671 139 1 1 0
2030565599 139 1 1 1
2030570501 139 1 1 0
2030574131 139 1 1 1
2030580041 139 1 1 0
2030583263 139 1 1 1
2030583281 139 1 1 0
2030583331 139 1 1 1
2030588141 139 1 1 0
2030591683 139 1 1 1
2030598221 139 1 1 0
2030601785 139 1 1 1
2030606589 139 1 1 0
2030609811 139 1 1 1
2030615771 139 1 1 0
2030619331 139 1 1 1
2030624861 139 1 1 0
2030627859 139 1 1 1
2030632689 139 1 1 0
2030636321 139 1 1 1
2030641961 139 1 1 0
2030645545 139 1 1 1
2030650241 139 1 1 0
2030653329 139 1 1 1
2030658519 139 1 1 0
2030662377 139 1 1 1
2030667879 139 1 1 0
2030671555 139 1 1 1
2030676249 139 1 1 0
2030679743 139 1 1 1
2030685789 139 1 1 0
2030689397 139 1 1 1
2030694341 139 1 1 0
2030697293 139 1 1 1
2030702709 139 1 1 0
2030706365 139 1 1 1
2030711351 139 1 1 0
2030714281 139 1 1 1
2030719631 139 1 1 0
2030723285 139 1 1 1
2030728901 139 1 1 0
2030732033 139 1 1 1
2030736729 139 1 1 0
2030740381 139 1 1 1
2030746631 139 1 1 0
2030749853 139 1 1 1
2030754549 139 1 1 0
2030758203 139 1 1 1
2030764451 139 1 1 0
2030768107 139 1 1 1
2030772821 139 1 1 0
2030775863 139 1 1 1
2030775881 139 1 1 0
2030775907 139 1 1 1
2030781731 139 1 1 0
2030785315 139 1 1 1
2030790011 139 1 1 0
2030793099 139 1 1 1
2030798561 139 1 1 0
2030802149 139 1 1 1
2030802159 139 1 1 0
2030802217 139 1 1 1
2030808011 139 1 1 0
2030811051 139 1 1 1
2030815751 139 1 1 0
2030819383 139 1 1 1
2030825381 139 1 1 0
2030828787 139 1 1 1
2030833571 139 1 1 0
2030836795 139 1 1 1
2030842751 139 1 1 0
2030846427 139 1 1 1
2030850939 139 1 1 0
2030853959 139 1 1 1
2030859849 139 1 1 0
2030863459 139 1 1 1
2030868596 139 1 1 0
2030871524 139 1 1 1
2030876516 139 1 1 0
2030880126 139 1 1 1
2030885876 139 1 1 0
2030888804 139 1 1 1
2030893779 139 1 1 0
2030897367 139 1 1 1
2030903066 139 1 1 0
2030906200 139 1 1 1
2030910986 139 1 1 0
2030914394 139 1 1 1
2030920706 139 1 1 0
2030924294 139 1 1 1
2030929076 139 1 1 0
2030932186 139 1 1 1
2030937986 139 1 1 0
2030941552 139 1 1 1
2030947526 139 1 1 0
2030950752 139 1 1 1
2030955626 139 1 1 0
2030959214 139 1 1 1
2030965616 139 1 1 0
2030969182 139 1 1 1
2030973986 139 1 1 0
2030976894 139 1 1 1
2030982356 139 1 1 0
2030985942 139 1 1 1
2030991176 139 1 1 0
2030994084 139 1 1 1
2030999456 139 1 1 0
2031003198 139 1 1 1
2031007286 139 1 1 0
2031011016 139 1 1 1
2031014036 139 1 1 0
2031018686 139 1 1 1
2031021956 139 1 1 0
2031025282 139 1 1 1
2031028616 139 1 1 0
2031033200 139 1 1 1
2031036176 139 1 1 0
2031039660 139 1 1 1
2031043106 139 1 1 0
2031047668 139 1 1 1
2031050666 139 1 1 0
2031054246 139 1 1 1
2031058856 139 1 1 0
2031062882 139 1 1 1
2031066236 139 1 1 0
2031070106 139 1 1 1
2031074499 139 1 1 0
2031078301 139 1 1 1
2031081675 139 1 1 0
2031085341 139 1 1 1
2031089889 139 1 1 0
2031093830 139 1 1 1
2031097166 139 1 1 0
2031101104 139 1 1 1
2031105626 139 1 1 0
2031109520 139 1 1 1
2031112598 139 1 1 0
2031117278 139 1 1 1
2031120746 139 1 1 0
2031126410 139 1 1 1
2031129384 139 1 1 0
2031134314 139 1 1 1
2031137666 139 1 1 0
2031143420 139 1 1 1
2031146392 139 1 1 0
2031150762 139 1 1 1
2031154149 139 1 1 0
2031159167 139 1 1 1
2031162416 139 1 1 0
2031166871 139 1 1 1
2031169796 139 1 1 0
2031175624 139 1 1 1
2031178796 139 1 1 0
2031183380 139 1 1 1
2031186356 139 1 1 0
2031192162 139 1 1 1
2031195330 139 1 1 0
2031200034 139 1 1 1
2031203006 139 1 1 0
2031208792 139 1 1 1
2031212344 139 1 1 0
2031216445 139 1 1 1
2031221109 139 1 1 0
2031224775 139 1 1 1
2031231356 139 1 1 0
2031235570 139 1 1 1
2031240189 139 1 1 0
2031243261 139 1 1 1
2031248726 139 1 1 0
2031252504 139 1 1 1
2031257456 139 1 1 0
2031260600 139 1 1 1
2031265556 139 1 1 0
2031269244 139 1 1 1
2031275996 139 1 1 0
2031280278 139 1 1 1
2031284941 139 1 1 0
2031288401 139 1 1 1
2031294356 139 1 1 0
2031298441 139 1 1 1
2031303986 139 1 1 0
2031307494 139 1 1 1
2031312121 139 1 1 0
2031315923 139 1 1 1
2031322526 139 1 1 0
2031326650 139 1 1 1
2031331269 139 1 1 0
2031334753 139 1 1 1
2031340381 139 1 1 0
2031344295 139 1 1 1
2031348909 139 1 1 0
2031352081 139 1 1 1
2031357716 139 1 1 0
2031361656 139 1 1 1
2031366356 139 1 1 0
2031369498 139 1 1 1
2031374456 139 1 1 0
2031378288 139 1 1 1
2031384896 139 1 1 0
2031389190 139 1 1 1
2031393729 139 1 1 0
2031397457 139 1 1 1
2031403346 139 1 1 0
2031407521 139 1 1 1
2031412977 139 1 1 0
2031416449 139 1 1 1
2031420909 139 1 1 0
2031424733 139 1 1 1
2031430526 139 1 1 0
2031434196 139 1 1 1
2031438639 139 1 1 0
2031442441 139 1 1 1
2031448561 139 1 1 0
2031452805 139 1 1 1
2031457346 139 1 1 0
2031460656 139 1 1 1
2031466269 139 1 1 0
2031470301 139 1 1 1
2031474896 139 1 1 0
2031478086 139 1 1 1
2031481286 139 1 1 0
2031486850 139 1 1 1
2031489927 139 1 1 0
2031494941 139 1 1 1
2031497859 139 1 1 0
2031504591 139 1 1 1
2031507968 139 1 1 0
2031514122 139 1 1 1
2031517058 139 1 1 0
2031522760 139 1 1 1
2031526196 139 1 1 0
2031533250 139 1 1 1
2031536138 139 1 1 0
2031541302 139 1 1 1
2031544286 139 1 1 0
2031551126 139 1 1 1
2031554727 139 1 1 0
2031561691 139 1 1 1
2031564578 139 1 1 0
2031570020 139 1 1 1
2031573459 139 1 1 0
2031580045 139 1 1 1
2031583436 139 1 1 0
2031588968 139 1 1 1
2031591938 139 1 1 0
2031599716 139 1 1 1
2031603098 139 1 1 0
2031610144 139 1 1 1
2031613088 139 1 1 0
2031617796 139 1 1 1
2031620714 139 1 1 0
2031626498 139 1 1 1
2031629757 139 1 1 0
2031633641 139 1 1 1
2031637269 139 1 1 0
2031641614 139 1 1 1
2031646520 139 1 1 0
2031649248 139 1 1 1
2031654459 139 1 1 0
2031657398 139 1 1 1
2031667149 139 1 1 0
2031670905 139 1 1 1
2031674358 139 1 1 0
2031677628 139 1 1 1
2031684249 139 1 1 0
2031687929 139 1 1 1
2031694968 139 1 1 0
2031698354 139 1 1 1
2031705849 139 1 1 0
2031708849 139 1 1 1
2031718179 139 1 1 0
2031721085 139 1 1 1
2031728178 139 1 1 0
2031730722 139 1 1 1
2031739428 139 1 1 0
2031742268 139 1 1 1
2031752019 139 1 1 0
2031755498 139 1 1 1
2031767058 139 1 1 0
2031770725 139 1 1 1
2031782538 139 1 1 0
2031786104 139 1 1 1
2031798558 139 1 1 0
2031801874 139 1 1 1
2031807918 139 1 1 0
2031811008 139 1 1 1
2031821508 139 1 1 0
2031826052 139 1 1 1
2031837618 139 1 1 0
2031842252 139 1 1 1
2031847663 139 1 1 0
2031851321 139 1 1 1
2031856843 139 1 1 0
2031860681 139 1 1 1
2031865933 139 1 1 0
2031869431 139 1 1 1
2031874213 139 1 1 0
2031877847 139 1 1 1
2031883843 139 1 1 0
2031887841 139 1 1 1
2031892933 139 1 1 0
2031896319 139 1 1 1
2031901123 139 1 1 0
2031904851 139 1 1 1
2031911113 139 1 1 0
2031915225 139 1 1 1
2031920293 139 1 1 0
2031923591 139 1 1 1
2031928419 139 1 1 0
2031932123 139 1 1 1
2031938383 139 1 1 0
2031942403 139 1 1 1
2031947203 139 1 1 0
2031950339 139 1 1 1
2031955239 139 1 1 0
2031958969 139 1 1 1
2031965769 139 1 1 0
2031969133 139 1 1 1
2031973845 139 1 1 0
2031977277 139 1 1 1
2031981359 139 1 1 0
2031985109 139 1 1 1
2031989165 139 1 1 0
2031993051 139 1 1 1
2031997127 139 1 1 0
2032001127 139 1 1 1
2032005201 139 1 1 0
2032009201 139 1 1 1
2032013277 139 1 1 0
2032017301 139 1 1 1
2032021376 139 1 1 0
2032025332 139 1 1 1
2032029386 139 1 1 0
2032033298 139 1 1 1
2032037396 139 1 1 0
2032041242 139 1 1 1
2032045226 139 1 1 0
2032049070 139 1 1 1
2032053146 139 1 1 0
2032056992 139 1 1 1
2032061222 139 1 1 0
2032064906 139 1 1 1
2032069146 139 1 1 0
2032072762 139 1 1 1
2032076896 139 1 1 0
2032080420 139 1 1 1
2032084586 139 1 1 0
2032088110 139 1 1 1
2032092256 139 1 1 0
2032095868 139 1 1 1
2032100220 139 1 1 0
2032103756 139 1 1 1
2032108026 139 1 1 0
2032111516 139 1 1 1
2032115656 139 1 1 0
2032119100 139 1 1 1
2032123280 139 1 1 0
2032126680 139 1 1 1
2032130826 139 1 1 0
2032134382 139 1 1 1
2032138720 139 1 1 0
2032142323 139 1 1 1
2032146886 139 1 1 0
2032150310 139 1 1 1
2032154488 139 1 1 0
2032158068 139 1 1 1
2032162246 139 1 1 0
2032165894 139 1 1 1
2032170052 139 1 1 0
2032173816 139 1 1 1
2032177924 139 1 1 0
2032181572 139 1 1 1
2032185646 139 1 1 0
2032189452 139 1 1 1
2032193566 139 1 1 0
2032197394 139 1 1 1
2032201486 139 1 1 0
2032205336 139 1 1 1
2032210666 139 1 1 0
2032213430 139 1 1 1
2032221466 139 1 1 0
2032224230 139 1 1 1
2032232266 139 1 1 0
2032235030 139 1 1 1
2032243066 139 1 1 0
2032245828 139 1 1 1
2032253866 139 1 1 0
2032256616 139 1 1 1
2032264756 139 1 1 0
2032267508 139 1 1 1
2032275646 139 1 1 0
2032278400 139 1 1 1
2032286536 139 1 1 0
2032289268 139 1 1 1
2032297966 139 1 1 0
2032300722 139 1 1 1
2032308856 139 1 1 0
2032311610 139 1 1 1
2032319746 139 1 1 0
2032322500 139 1 1 1
2032330636 139 1 1 0
2032333392 139 1 1 1
2032341526 139 1 1 0
2032344282 139 1 1 1
2032352416 139 1 1 0
2032355185 139 1 1 1
2032359886 139 1 1 0
2032363444 139 1 1 1
2032367879 139 1 1 0
2040656200 62 0 1 1
2040665018 62 0 1 0
2040668051 62 0 1 1
2040676898 62 0 1 0
2040680021 62 0 1 1
2040689228 62 0 1 0
2040692351 62 0 1 1
2040701468 62 0 1 0
2040704501 62 0 1 1
2040713348 62 0 1 0
2040716397 62 0 1 1
2040725318 62 0 1 0
2040728351 62 0 1 1
2040737378 62 0 1 0
2040740411 62 0 1 1
2040747998 62 0 1 0
2040751021 62 0 1 1
2040760058 62 0 1 0
2040763091 62 0 1 1
2040772118 62 0 1 0
2040775061 62 0 1 1
2040783368 62 0 1 0
2040786671 62 0 1 1
2040793448 62 0 1 0
2040796741 62 0 1 1
2040803528 62 0 1 0
2040807001 62 0 1 1
2040813608 62 0 1 0
2040817811 62 0 1 1
2040823148 62 0 1 0
2040827161 62 0 1 1
2040832328 62 0 1 0
2040836341 62 0 1 1
2040841508 62 0 1 0
2040845611 62 0 1 1
2040852128 62 0 1 0
2040855691 62 0 1 1
2040862838 62 0 1 0
2040866411 62 0 1 1
2040873278 62 0 1 0
2040876751 62 0 1 1
2040883538 62 0 1 0
2040887021 62 0 1 1
2040892268 62 0 1 0
2040896911 62 0 1 1
2040902168 62 0 1 0
2040906901 62 0 1 1
2040911348 62 0 1 0
2040916901 62 0 1 1
2040921518 62 0 1 0
2040927151 62 0 1 1
2040931688 62 0 1 0
2040937331 62 0 1 1
2040942398 62 0 1 0
2040946501 62 0 1 1
2040951758 62 0 1 0
2040955771 62 0 1 1
2040960938 62 0 1 0
2040965041 62 0 1 1
2040970388 62 0 1 0
2040974501 62 0 1 1
2040979748 62 0 1 0
2040983761 62 0 1 1
2040989018 62 0 1 0
2040993143 62 0 1 1
2040998468 62 0 1 0
2041002671 62 0 1 1
2041008188 62 0 1 0
2041012481 62 0 1 1
2041017818 62 0 1 0
2041021921 62 0 1 1
2041027268 62 0 1 0
2041031381 62 0 1 1
2041036628 62 0 1 0
2041040731 62 0 1 1
2041046348 62 0 1 0
2041050461 62 0 1 1
2041055798 62 0 1 0
2041059911 62 0 1 1
2041065518 62 0 1 0
2041069631 62 0 1 1
2041074878 62 0 1 0
2041078891 62 0 1 1
2041084058 62 0 1 0
2041088081 62 0 1 1
2041093238 62 0 1 0
2041097161 62 0 1 1
2041102418 62 0 1 0
2041106521 62 0 1 1
2041111778 62 0 1 0
2041115711 62 0 1 1
2041121048 62 0 1 0
2041125161 62 0 1 1
2041130498 62 0 1 0
2041134611 62 0 1 1
2041140218 62 0 1 0
2041144511 62 0 1 1
2041149848 62 0 1 0
2041153781 62 0 1 1
2041159028 62 0 1 0
2041163051 62 0 1 1
2041168208 62 0 1 0
2041172141 62 0 1 1
2041177388 62 0 1 0
2041182041 62 0 1 1
2041187288 62 0 1 0
2041191423 62 0 1 1
2041196738 62 0 1 0
2041200681 62 0 1 1
2041206008 62 0 1 0
2041210121 62 0 1 1
2041215458 62 0 1 0
2041220100 62 0 1 1
2041225376 62 0 1 0
2041229399 62 0 1 1
2041234808 62 0 1 0
2041238921 62 0 1 1
2041244168 62 0 1 0
2041248191 62 0 1 1
2041253618 62 0 1 0
2041257551 62 0 1 1
2041263068 62 0 1 0
2041267001 62 0 1 1
2041272248 62 0 1 0
2041276181 62 0 1 1
2041281788 62 0 1 0
2041285821 62 0 1 1
2041291148 62 0 1 0
2041295081 62 0 1 1
2041300598 62 0 1 0
2041303361 62 0 1 1
2041321838 62 0 1 0
2041327131 62 0 1 1
2041345598 62 0 1 0
2041350971 62 0 1 1
2041367010 127 0 1 1
2041370438 62 0 1 0
2041371040 127 0 1 0
2041375911 62 0 1 1
2041376293 127 0 1 1
2041380670 127 0 1 0
2041385383 127 0 1 1
2041389760 127 0 1 0
2041394653 127 0 1 1
2041395098 62 0 1 0
2041399030 127 0 1 0
2041402201 62 0 1 1
2041403653 127 0 1 1
2041408030 127 0 1 0
2041412985 127 0 1 1
2041417300 127 0 1 0
2041418678 62 0 1 0
2041422023 127 0 1 1
2041423951 62 0 1 1
2041426390 127 0 1 0
2041431113 127 0 1 1
2041435390 127 0 1 0
2041440113 127 0 1 1
2041442798 62 0 1 0
2041444480 127 0 1 0
2041448371 62 0 1 1
2041449203 127 0 1 1
2041453570 127 0 1 0
2041458383 127 0 1 1
2041462750 127 0 1 0
2041466648 62 0 1 0
2041467463 127 0 1 1
2041471840 127 0 1 0
2041472121 62 0 1 1
2041476733 127 0 1 1
2041481110 127 0 1 0
2041484468 62 0 1 0
2041485733 127 0 1 1
2041489001 62 0 1 1
2041490110 127 0 1 0
2041495003 127 0 1 1
2041499380 127 0 1 0
2041504093 127 0 1 1
2041508470 127 0 1 0
2041508678 62 0 1 0
2041513543 127 0 1 1
2041514431 62 0 1 1
2041517740 127 0 1 0
2041522550 127 0 1 1
2041526830 127 0 1 0
2041531633 127 0 1 1
2041532888 62 0 1 0
2041536190 127 0 1 0
2041538541 62 0 1 1
2041541083 127 0 1 1
2041545460 127 0 1 0
2041550173 127 0 1 1
2041551385 62 0 1 0
2041554550 127 0 1 0
2041556368 62 0 1 1
2041559443 127 0 1 1
2041563820 127 0 1 0
2041564615 62 0 1 0
2041568540 127 0 1 1
2041571478 62 0 1 1
2041572910 127 0 1 0
2041576945 62 0 1 0
2041577713 127 0 1 1
2041581608 62 0 1 1
2041582090 127 0 1 0
2041586085 62 0 1 0
2041586803 127 0 1 1
2041591180 127 0 1 0
2041596433 127 0 1 1
2041600000 127 0 1 0
2041606163 127 0 1 1
2041609720 127 0 1 0
2041615973 127 0 1 1
2041619530 127 0 1 0
2041625693 127 0 1 1
2041629250 127 0 1 0
2041635323 127 0 1 1
2041638880 127 0 1 0
2041645033 127 0 1 1
2041648600 127 0 1 0
2041654943 127 0 1 1
2041658680 127 0 1 0
2041664933 127 0 1 1
2041668490 127 0 1 0
2041674833 127 0 1 1
2041678570 127 0 1 0
2041684913 127 0 1 1
2041688470 127 0 1 0
2041694993 127 0 1 1
2041698640 127 0 1 0
2041705163 127 0 1 1
2041708810 127 0 1 0
2041715153 127 0 1 1
2041718800 127 0 1 0
2041725053 127 0 1 1
2041728520 127 0 1 0
2041734583 127 0 1 1
2041738060 127 0 1 0
2041744133 127 0 1 1
2041747780 127 0 1 0
2041752593 127 0 1 1
2041756960 127 0 1 0
2041760963 127 0 1 1
2041767400 127 0 1 0
2041772133 127 0 1 1
2041779550 127 0 1 0
2041784193 127 0 1 1
2041791340 127 0 1 0
2041795883 127 0 1 1
2041803130 127 0 1 0
2041807493 127 0 1 1
2041814470 127 0 1 0
2041819013 127 0 1 1
2041826260 127 0 1 0
2041830713 127 0 1 1
2041837690 127 0 1 0
2041842323 127 0 1 1
2041848040 127 0 1 0
2041853753 127 0 1 1
2041859200 127 0 1 0
2041865993 127 0 1 1
2041870630 127 0 1 0
2041877333 127 0 1 1
2041882240 127 0 1 0
2041889033 127 0 1 1
2041893760 127 0 1 0
2041900733 127 0 1 1
2041905550 127 0 1 0
2041912163 127 0 1 1
2041916890 127 0 1 0
2041923773 127 0 1 1
2041928680 127 0 1 0
2041935483 127 0 1 1
2041939660 127 0 1 0
2041946643 127 0 1 1
2041949920 127 0 1 0
2041956353 127 0 1 1
2041961350 127 0 1 0
2041968243 127 0 1 1
2041973140 127 0 1 0
2041980123 127 0 1 1
2041984930 127 0 1 0
2041991723 127 0 1 1
2041996360 127 0 1 0
2042003253 127 0 1 1
2042008150 127 0 1 0
2042014953 127 0 1 1
2042019670 127 0 1 0
2042026473 127 0 1 1
2042031280 127 0 1 0
2042037993 127 0 1 1
2042042710 127 0 1 0
2042050053 127 0 1 1
2042054590 127 0 1 0
2042062923 127 0 1 1
2042067910 127 0 1 0
2042076523 127 0 1 1
2042081500 127 0 1 0
2042089933 127 0 1 1
2042094820 127 0 1 0
2042103163 127 0 1 1
2042108050 127 0 1 0
2042116383 127 0 1 1
2042121640 127 0 1 0
2042127543 127 0 1 1
2042133700 127 0 1 0
2042140233 127 0 1 1
2042146332 127 0 1 0
2042154530 127 0 1 1
2042160492 127 0 1 0
2042168672 127 0 1 1
2042174490 127 0 1 0
2042182883 127 0 1 1
2042188840 127 0 1 0
2042196463 127 0 1 1
2042202680 127 0 1 0
2042210513 127 0 1 1
2042217010 127 0 1 0
2042225452 127 0 1 1
2042231610 127 0 1 0
2042239433 127 0 1 1
2042245532 127 0 1 0
2042253352 127 0 1 1
2042259532 127 0 1 0
2042267352 127 0 1 1
2042274160 127 0 1 0
2042280262 127 0 1 1
2042287362 127 0 1 0
2042293815 127 0 1 1
2042301810 127 0 1 0
2042308472 127 0 1 1
2042316122 127 0 1 0
2042322526 127 0 1 1
2042330350 127 0 1 0
2042336563 127 0 1 1
2042343830 127 0 1 0
2042350213 127 0 1 1
2042358020 127 0 1 0
2042364433 127 0 1 1
2042371862 127 0 1 0
2042378445 127 0 1 1
2042385010 127 0 1 0
2044227048 19 0 1 1
2044230222 19 0 1 0
2044239757 19 0 1 1
2044242912 19 0 1 0
2044249522 19 0 1 1
2044253442 19 0 1 0
2044259439 19 0 1 1
2044263252 19 0 1 0
2044269371 19 0 1 1
2044273242 19 0 1 0
2044279361 19 0 1 1
2044283142 19 0 1 0
2044288163 19 0 1 1
2044292232 19 0 1 0
2044298229 19 0 1 1
2044302042 19 0 1 0
2044308161 19 0 1 1
2044312032 19 0 1 0
2044318151 19 0 1 1
2044322422 19 0 1 0
2044328419 19 0 1 1
2044332162 19 0 1 0
2044338037 19 0 1 1
2044341792 19 0 1 0
2044692720 19 0 1 1
2044697296 19 0 1 0
2044712160 19 0 1 1
2044715026 19 0 1 0
2045496672 19 0 1 1
2045499666 19 0 1 0
2045510279 19 0 1 1
2045512986 19 0 1 0
2045523599 19 0 1 1
2045526486 19 0 1 0
2045537099 19 0 1 1
2045540076 19 0 1 0
2045551399 19 0 1 1
2045554386 19 0 1 0
2045564715 19 0 1 1
2045567706 19 0 1 0
2045578745 19 0 1 1
2045581656 19 0 1 0
2045592269 19 0 1 1
2045595246 19 0 1 0
2045607563 19 0 1 1
2045610546 19 0 1 0
2045622863 19 0 1 1
2045625936 19 0 1 0
2045638979 19 0 1 1
2045641776 19 0 1 0
2045655719 19 0 1 1
2045658696 19 0 1 0
2045673089 19 0 1 1
2045675616 19 0 1 0
2045688659 19 0 1 1
2045693526 19 0 1 0
2045698169 19 0 1 1
2045701526 19 0 1 0
2046451567 119 0 1 1
2046459874 119 0 1 0
2046462997 119 0 1 1
2046471484 119 0 1 0
2046474607 119 0 1 1
2046483184 119 0 1 0
2046486307 119 0 1 1
2046494794 119 0 1 0
2046497827 119 0 1 1
2046505234 119 0 1 0
2046510257 119 0 1 1
2046514504 119 0 1 0
2046519507 119 0 1 1
2046524044 119 0 1 0
2046529237 119 0 1 1
2046533494 119 0 1 0
2046538497 119 0 1 1
2046543123 119 0 1 0
2046551746 119 0 1 1
2046555184 119 0 1 0
2046565607 119 0 1 1
2046568684 119 0 1 0
2046578387 119 0 1 1
2046581594 119 0 1 0
2046592377 119 0 1 1
2046595774 119 0 1 0
2046606207 119 0 1 1
2046609274 119 0 1 0
2046618977 119 0 1 1
2046622144 119 0 1 0
2046632575 119 0 1 1
2046636904 119 0 1 0
2046642727 119 0 1 1
2046646894 119 0 1 0
2046652451 119 0 1 1
2046656614 119 0 1 0
2046662257 119 0 1 1
2046666514 119 0 1 0
2046672189 119 0 1 1
2046675969 119 0 1 0
2046682232 119 0 1 1
2046686224 119 0 1 0
2046691867 119 0 1 1
2046695854 119 0 1 0
2046701227 119 0 1 1
2046705304 119 0 1 0
2046710397 119 0 1 1
2046714934 119 0 1 0
2046724527 119 0 1 1
2046727470 119 0 1 0
2046739283 119 0 1 1
2046742320 119 0 1 0
2046754493 119 0 1 1
2046757440 119 0 1 0
2046767183 119 0 1 1
2046770220 119 0 1 0
2046779423 119 0 1 1
2046782550 119 0 1 0
2046791843 119 0 1 1
2046794880 119 0 1 0
2046804083 119 0 1 1
2046807210 119 0 1 0
2046816503 119 0 1 1
2046819540 119 0 1 0
2046827483 119 0 1 1
2046830700 119 0 1 0
2046839273 119 0 1 1
2046842490 119 0 1 0
2046851423 119 0 1 1
2046854640 119 0 1 0
2046862673 119 0 1 1
2046865890 119 0 1 0
2046873923 119 0 1 1
2046877230 119 0 1 0
2046885443 119 0 1 1
2046888670 119 0 1 0
2046896260 119 0 1 1
2046899460 119 0 1 0
2046908483 119 0 1 1
2046911340 119 0 1 0
2046923513 119 0 1 1
2046926545 119 0 1 0
2046943008 119 0 1 1
2046945810 119 0 1 0
2046956813 119 0 1 1
2046959760 119 0 1 0
2046963113 119 0 1 1
2046967860 119 0 1 0
2046972563 119 0 1 1
2046977850 119 0 1 0
2046982733 119 0 1 1
2046988200 119 0 1 0
2046992993 119 0 1 1
2046998280 119 0 1 0
2047002713 119 0 1 1
2047008330 119 0 1 0
2047012403 119 0 1 1
2047016610 119 0 1 0
2047020413 119 0 1 1
2047024890 119 0 1 0
2047028873 119 0 1 1
2047033170 119 0 1 0
2047036973 119 0 1 1
2047041450 119 0 1 0
2047047323 119 0 1 1
2047052790 119 0 1 0
2047057313 119 0 1 1
2047063590 119 0 1 0
2047068023 119 0 1 1
2047071690 119 0 1 0
2048985923 138 1 2 1
2048989509 138 1 2 0
2048992419 138 1 2 1
2048999976 138 1 2 0
2049003462 138 1 2 1
2049010616 138 1 2 0
2049014282 138 1 2 1
2049021356 138 1 2 0
2049025064 138 1 2 1
2049032359 138 1 2 0
2049036043 138 1 2 1
2049043276 138 1 2 0
2049047038 138 1 2 1
2049053926 138 1 2 0
2049057600 138 1 2 1
2049064469 138 1 2 0
2049068165 138 1 2 1
2049074508 138 1 2 0
2049077848 138 1 2 1
2049083359 138 1 2 0
2049086587 138 1 2 1
2049090398 138 1 2 0
2049093582 138 1 2 1
2049095626 138 1 2 0
2050267571 145 1 4 1
2050274466 145 1 4 0
2050276982 145 1 4 1
2050288346 145 1 4 0
2050291104 145 1 4 1
2050299080 145 1 4 0
2050301683 145 1 4 1
2050301686 145 1 4 0
2050301748 145 1 4 1
2050309903 145 1 4 0
2050312643 145 1 4 1
2050320516 145 1 4 0
2050323166 145 1 4 1
2050331156 145 1 4 0
2050333870 145 1 4 1
2050341897 145 1 4 0
2050344655 145 1 4 1
2050352786 145 1 4 0
2050355566 145 1 4 1
2050363686 145 1 4 0
2050366446 145 1 4 1
2050374326 145 1 4 0
2050377196 145 1 4 1
2050384956 145 1 4 0
2050387802 145 1 4 1
2050395506 145 1 4 0
2050398462 145 1 4 1
2050406136 145 1 4 0
2050409004 145 1 4 1
2050416866 145 1 4 0
2050419778 145 1 4 1
2050427496 145 1 4 0
2050430244 145 1 4 1
2050437738 145 1 4 0
2050440588 145 1 4 1
2050448139 145 1 4 0
2050451043 145 1 4 1
2050458488 145 1 4 0
2050461316 145 1 4 1
2050468868 145 1 4 0
2050471744 145 1 4 1
2050471766 145 1 4 0
2050471784 145 1 4 1
2050479238 145 1 4 0
2050482090 145 1 4 1
2050489546 145 1 4 0
2050492354 145 1 4 1
2050505388 145 1 4 0
2050507790 145 1 4 1
2050521158 145 1 4 0
2050523860 145 1 4 1
2050532159 145 1 4 0
2050534875 145 1 4 1
2050543408 145 1 4 0
2050546144 145 1 4 1
2050554588 145 1 4 0
2050557326 145 1 4 1
2050564678 145 1 4 0
2050568270 145 1 4 1
2050573958 145 1 4 0
2050578420 145 1 4 1
2050583868 145 1 4 0
2050589528 145 1 4 1
2050594138 145 1 4 0
2050599080 145 1 4 1
2050604868 145 1 4 0
2050609396 145 1 4 1
2050615228 145 1 4 0
2050619796 145 1 4 1
2050625768 145 1 4 0
2050630364 145 1 4 1
2050636140 145 1 4 0
2050640668 145 1 4 1
2050646510 145 1 4 0
2050651038 145 1 4 1
2050656880 145 1 4 0
2050660602 145 1 4 1
2050667128 145 1 4 0
2050670716 145 1 4 1
2050677038 145 1 4 0
2050680970 145 1 4 1
2050686228 145 1 4 0
2050689908 145 1 4 1
2050694788 145 1 4 0
2050698306 145 1 4 1
2050703798 145 1 4 0
2050706976 145 1 4 1
2050712448 145 1 4 0
2050715578 145 1 4 1
2050721828 145 1 4 0
2050724736 145 1 4 1
2050731468 145 1 4 0
2050734396 145 1 4 1
2050741018 145 1 4 0
2050743766 145 1 4 1
2050752548 145 1 4 0
2050755238 145 1 4 1
2050763680 145 1 4 0
2050766630 145 1 4 1
2050773150 145 1 4 0
2050776278 145 1 4 1
2050781620 145 1 4 0
2050785180 145 1 4 1
2050790546 145 1 4 0
2050794106 145 1 4 1
2050799370 145 1 4 0
2050802976 145 1 4 1
2050808560 145 1 4 0
2050812006 145 1 4 1
2050816584 145 1 4 0
2050821950 145 1 4 1
2050821990 145 1 4 0
2050822056 145 1 4 1
2050824870 145 1 4 0
2050830378 145 1 4 1
2050830386 145 1 4 0
2050830416 145 1 4 1
2050833250 145 1 4 0
2050838730 145 1 4 1
2050841606 145 1 4 0
2050847874 145 1 4 1
2050850636 145 1 4 0
2050856496 145 1 4 1
2050856506 145 1 4 0
2050856542 145 1 4 1
2050859026 145 1 4 0
2050868438 145 1 4 1
2050871144 145 1 4 0
2050877456 145 1 4 1
2050880186 145 1 4 0
2050886554 145 1 4 1
2050889246 145 1 4 0
2050895600 145 1 4 1
2050898312 145 1 4 0
2050904802 145 1 4 1
2050907516 145 1 4 0
2050913986 145 1 4 1
2050913996 145 1 4 0
2050914054 145 1 4 1
2050916696 145 1 4 0
2050923234 145 1 4 1
2050925942 145 1 4 0
2050932614 145 1 4 1
2050935290 145 1 4 0
2050942310 145 1 4 1
2050945010 145 1 4 0
2050965398 145 1 4 1
2050968150 145 1 4 0
2050975950 145 1 4 1
2050978600 145 1 4 0
2050986342 145 1 4 1
2050986356 145 1 4 0
2050986412 145 1 4 1
2050989050 145 1 4 0
2050996616 145 1 4 1
2050996620 145 1 4 0
2050996674 145 1 4 1
2050999316 145 1 4 0
2051006780 145 1 4 1
2051009410 145 1 4 0
2051017280 145 1 4 1
2051019926 145 1 4 0
2056771633 106 0 1 1
2056785303 106 0 1 0
2056788353 106 0 1 1
2056801433 106 0 1 0
2056804535 106 0 1 1
2056818403 106 0 1 0
2056821746 106 0 1 1
2056835543 106 0 1 0
2056838796 106 0 1 1
2056851883 106 0 1 0
2056854936 106 0 1 1
2056867923 106 0 1 0
2056870986 106 0 1 1
2056884143 106 0 1 0
2056887216 106 0 1 1
2056899650 106 0 1 0
2056902794 106 0 1 1
2056916736 106 0 1 0
2056920191 106 0 1 1
2056934575 106 0 1 0
2056937988 106 0 1 1
2056951393 106 0 1 0
2056954696 106 0 1 1
2056970613 106 0 1 0
2056973986 106 0 1 1
2056988943 106 0 1 0
2056992306 106 0 1 1
2057003633 106 0 1 0
2057007086 106 0 1 1
2057019780 106 0 1 0
2057023120 106 0 1 1
2057036275 106 0 1 0
2057039608 106 0 1 1
2057053003 106 0 1 0
2057056451 106 0 1 1
2057069513 106 0 1 0
2057073054 106 0 1 1
2057086333 106 0 1 0
2057089906 106 0 1 1
2057103343 106 0 1 0
2057106973 106 0 1 1
2057123697 106 0 1 0
2057127290 106 0 1 1
2057142756 106 0 1 0
2057146319 106 0 1 1
2057162183 106 0 1 0
2057165776 106 0 1 1
2057174169 145 1 3 1
2057178643 106 0 1 0
2057180350 145 1 3 0
2057182548 145 1 3 1
2057182726 106 0 1 1
2057192453 106 0 1 0
2057196306 106 0 1 1
2057201720 145 1 3 0
2057203986 145 1 3 1
2057204633 106 0 1 0
2057208272 106 0 1 1
2057217273 106 0 1 0
2057221376 106 0 1 1
2057222820 145 1 3 0
2057225040 145 1 3 1
2057230322 106 0 1 0
2057233995 106 0 1 1
2057241998 106 0 1 0
2057243460 145 1 3 0
2057243796 144 1 3 1
2057245746 145 1 3 1
2057246091 106 0 1 1
2057249460 144 1 3 0
2057251782 144 1 3 1
2057252733 106 0 1 0
2057256630 106 0 1 1
2057257280 145 1 3 0
2057259700 145 1 3 1
2057263643 106 0 1 0
2057266010 144 1 3 0
2057267866 106 0 1 1
2057268222 144 1 3 1
2057271280 145 1 3 0
2057273656 145 1 3 1
2057275283 106 0 1 0
2057279440 106 0 1 1
2057283280 144 1 3 0
2057284470 145 1 3 0
2057285702 144 1 3 1
2057286207 106 0 1 0
2057286736 145 1 3 1
2057289990 106 0 1 1
2057296653 106 0 1 0
2057298650 145 1 3 0
2057300110 144 1 3 0
2057300916 145 1 3 1
2057300924 106 0 1 1
2057302322 144 1 3 1
2057308293 106 0 1 0
2057312434 106 0 1 1
2057317840 144 1 3 0
2057319061 106 0 1 0
2057319840 145 1 3 0
2057320230 144 1 3 1
2057321996 145 1 3 1
2057323005 106 0 1 1
2057330023 106 0 1 0
2057334165 106 0 1 1
2057343853 106 0 1 0
2057344300 144 1 3 0
2057346512 144 1 3 1
2057347696 106 0 1 1
2057355210 145 1 3 0
2057356454 106 0 1 0
2057357542 145 1 3 1
2057360557 106 0 1 1
2057365670 144 1 3 0
2057366550 106 0 1 0
2057368026 144 1 3 1
2057370702 106 0 1 1
2057376670 145 1 3 0
2057377715 106 0 1 0
2057379024 145 1 3 1
2057381758 106 0 1 1
2057383130 144 1 3 0
2057385460 144 1 3 1
2057388133 106 0 1 0
2057392309 106 0 1 1
2057399130 145 1 3 0
2057399413 106 0 1 0
2057400220 144 1 3 0
2057401526 145 1 3 1
2057402480 144 1 3 1
2057403549 106 0 1 1
2057410300 106 0 1 0
2057414493 106 0 1 1
2057418230 144 1 3 0
2057420566 144 1 3 1
2057421053 106 0 1 0
2057422230 145 1 3 0
2057424496 145 1 3 1
2057425256 106 0 1 1
2057432053 106 0 1 0
2057435240 144 1 3 0
2057436586 106 0 1 1
2057437502 144 1 3 1
2057443693 106 0 1 0
2057444240 145 1 3 0
2057446574 145 1 3 1
2057448046 106 0 1 1
2057452970 144 1 3 0
2057454433 106 0 1 0
2057455332 144 1 3 1
2057458384 106 0 1 1
2057465474 106 0 1 0
2057466890 145 1 3 0
2057469178 145 1 3 1
2057470077 106 0 1 1
2057470800 144 1 3 0
2057473134 144 1 3 1
2057476780 106 0 1 0
2057481240 106 0 1 1
2057487630 144 1 3 0
2057487903 106 0 1 0
2057488630 145 1 3 0
2057490084 144 1 3 1
2057490806 145 1 3 1
2057491346 106 0 1 1
2057498913 106 0 1 0
2057502356 106 0 1 1
2057505820 144 1 3 0
2057508282 144 1 3 1
2057508843 106 0 1 0
2057510640 145 1 3 0
2057512736 106 0 1 1
2057512860 145 1 3 1
2057517370 144 1 3 0
2057519898 144 1 3 1
2057520193 106 0 1 0
2057523636 106 0 1 1
2057528470 144 1 3 0
2057530293 106 0 1 0
2057530956 144 1 3 1
2057533480 145 1 3 0
2057533736 106 0 1 1
2057535722 145 1 3 1
2057539750 144 1 3 0
2057540393 106 0 1 0
2057542282 144 1 3 1
2057543686 106 0 1 1
2057550943 106 0 1 0
2057551120 144 1 3 0
2057553654 144 1 3 1
2057554686 106 0 1 1
2057556400 145 1 3 0
2057558664 145 1 3 1
2057561763 106 0 1 0
2057562400 144 1 3 0
2057564790 144 1 3 1
2057565206 106 0 1 1
2057572223 106 0 1 0
2057573770 144 1 3 0
2057575816 106 0 1 1
2057576116 144 1 3 1
2057576152 144 1 3 0
2057576186 144 1 3 1
2057579500 145 1 3 0
2057581742 145 1 3 1
2057582873 106 0 1 0
2057584410 144 1 3 0
2057586616 106 0 1 1
2057586754 144 1 3 1
2057594603 106 0 1 0
2057595960 144 1 3 0
2057598328 144 1 3 1
2057598346 106 0 1 1
2057602690 145 1 3 0
2057604954 145 1 3 1
2057605613 106 0 1 0
2057606970 144 1 3 0
2057609206 106 0 1 1
2057609316 144 1 3 1
2057616523 106 0 1 0
2057617970 144 1 3 0
2057620116 106 0 1 1
2057620248 144 1 3 1
2057620250 144 1 3 0
2057620316 144 1 3 1
2057626070 145 1 3 0
2057626983 106 0 1 0
2057628160 144 1 3 0
2057628380 145 1 3 1
2057630530 144 1 3 1
2057630576 106 0 1 1
2057637723 106 0 1 0
2057638990 144 1 3 0
2057641316 106 0 1 1
2057641358 144 1 3 1
2057648453 106 0 1 0
2057649450 144 1 3 0
2057649540 145 1 3 0
2057651806 145 1 3 1
2057651902 144 1 3 1
2057651922 144 1 3 0
2057651948 144 1 3 1
2057652196 106 0 1 1
2057659193 106 0 1 0
2057659920 144 1 3 0
2057662336 144 1 3 1
2057662786 106 0 1 1
2057669473 106 0 1 0
2057670930 144 1 3 0
2057672560 145 1 3 0
2057673216 106 0 1 1
2057673366 144 1 3 1
2057674716 145 1 3 1
2057680663 106 0 1 0
2057681300 144 1 3 0
2057683856 144 1 3 1
2057684556 106 0 1 1
2057689213 106 0 1 0
2057690310 144 1 3 0
2057693706 106 0 1 1
2057693928 144 1 3 1
2057694490 145 1 3 0
2057697396 145 1 3 1
2057700220 144 1 3 0
2057700863 106 0 1 0
2057702752 144 1 3 1
2057704456 106 0 1 1
2057711143 106 0 1 0
2057711230 144 1 3 0
2057713714 144 1 3 1
2057714586 106 0 1 1
2057717332 145 1 3 0
2057719618 145 1 3 1
2057721423 106 0 1 0
2057722330 144 1 3 0
2057724792 144 1 3 1
2057725166 106 0 1 1
2057732173 106 0 1 0
2057732880 144 1 3 0
2057735320 144 1 3 1
2057735916 106 0 1 1
2057740070 145 1 3 0
2057742336 145 1 3 1
2057742983 106 0 1 0
2057743710 144 1 3 0
2057746128 144 1 3 1
2057746426 106 0 1 1
2057753280 144 1 3 0
2057755926 144 1 3 1
2057759762 145 1 3 0
2057761760 144 1 3 0
2057762116 145 1 3 1
2057764224 144 1 3 1
2057770800 144 1 3 0
2057773418 144 1 3 1
2057778723 106 0 1 0
2057779270 145 1 3 0
2057780720 144 1 3 0
2057781578 145 1 3 1
2057782023 106 0 1 1
2057783186 144 1 3 1
2057789760 144 1 3 0
2057792406 144 1 3 1
2057798240 145 1 3 0
2057798520 144 1 3 0
2057800660 145 1 3 1
2057801078 144 1 3 1
2057808180 144 1 3 0
2057810688 144 1 3 1
2057817570 144 1 3 0
2057818480 145 1 3 0
2057820400 144 1 3 1
2057820722 145 1 3 1
2057827150 144 1 3 0
2057829750 144 1 3 1
2057836000 144 1 3 0
2057836450 145 1 3 0
2057838670 144 1 3 1
2057838758 145 1 3 1
2057839373 106 0 1 0
2057843116 106 0 1 1
2057846840 144 1 3 0
2057849418 144 1 3 1
2057855690 144 1 3 0
2057856142 145 1 3 0
2057858384 144 1 3 1
2057858452 145 1 3 1
2057865180 144 1 3 0
2057867782 144 1 3 1
2057875570 144 1 3 0
2057875660 145 1 3 0
2057876203 106 0 1 0
2057877816 145 1 3 1
2057877842 144 1 3 1
2057879046 106 0 1 1
2057892990 144 1 3 0
2057895358 144 1 3 1
2057903750 144 1 3 0
2057904212 145 1 3 0
2057906070 144 1 3 1
2057906300 145 1 3 1
2057922900 144 1 3 0
2057925292 144 1 3 1
2057933390 145 1 3 0
2057933750 144 1 3 0
2057935634 145 1 3 1
2057935956 144 1 3 1
2057952350 144 1 3 0
2057954786 144 1 3 1
2057962940 144 1 3 0
2057963302 145 1 3 0
2057965332 144 1 3 1
2057965478 145 1 3 1
2057973870 144 1 3 0
2057976470 144 1 3 1
2057981990 144 1 3 0
2057982632 145 1 3 0
2057984746 144 1 3 1
2057984940 145 1 3 1
2057990660 144 1 3 0
2057993242 144 1 3 1
2057999490 144 1 3 0
2058000953 106 0 1 0
2058002040 145 1 3 0
2058002158 144 1 3 1
2058003796 106 0 1 1
2058004460 145 1 3 1
2058008430 144 1 3 0
2058010984 144 1 3 1
2058016730 144 1 3 0
2058019354 144 1 3 1
2058020020 145 1 3 0
2058022394 145 1 3 1
2058025310 144 1 3 0
2058027930 144 1 3 1
2058034960 144 1 3 0
2058035513 106 0 1 0
2058037604 144 1 3 1
2058038056 106 0 1 1
2058039522 145 1 3 0
2058041854 145 1 3 1
2058043900 144 1 3 0
2058046498 144 1 3 1
2058046518 144 1 3 0
2058046546 144 1 3 1
2058052390 144 1 3 0
2058055012 144 1 3 1
2058057322 145 1 3 0
2058059696 145 1 3 1
2058060960 144 1 3 0
2058063582 144 1 3 1
2058069523 106 0 1 0
2058070710 144 1 3 0
2058072216 106 0 1 1
2058073288 144 1 3 1
2058077000 145 1 3 0
2058079010 144 1 3 0
2058079376 145 1 3 1
2058081520 144 1 3 1
2058087500 144 1 3 0
2058090102 144 1 3 1
2058095250 145 1 3 0
2058095800 144 1 3 0
2058097602 145 1 3 1
2058098170 144 1 3 1
2058098186 144 1 3 0
2058098240 144 1 3 1
2058102173 106 0 1 0
2058104566 106 0 1 1
2058105270 144 1 3 0
2058107820 144 1 3 1
2058113580 144 1 3 0
2058114402 145 1 3 0
2058116390 144 1 3 1
2058116644 145 1 3 1
2058122700 144 1 3 0
2058125324 144 1 3 1
2058131000 144 1 3 0
2058132282 145 1 3 0
2058133644 144 1 3 1
2058134570 145 1 3 1
2058138650 144 1 3 0
2058138833 106 0 1 0
2058141200 144 1 3 1
2058141526 106 0 1 1
2058144850 144 1 3 0
2058148630 144 1 3 1
2058151510 145 1 3 0
2058152194 144 1 3 0
2058154238 145 1 3 1
2058155856 144 1 3 1
2058159418 144 1 3 0
2058163340 144 1 3 1
2058166930 144 1 3 0
2058170736 144 1 3 1
2058173670 145 1 3 0
2058174310 144 1 3 0
2058174403 106 0 1 0
2058176288 145 1 3 1
2058177096 106 0 1 1
2058177924 144 1 3 1
2058181468 144 1 3 0
2058185302 144 1 3 1
2058188908 144 1 3 0
2058192986 144 1 3 1
2058194562 145 1 3 0
2058196318 144 1 3 0
2058197026 145 1 3 1
2058199870 144 1 3 1
2058203570 144 1 3 0
2058208096 144 1 3 1
2058211708 144 1 3 0
2058212970 145 1 3 0
2058215190 145 1 3 1
2058216450 144 1 3 1
2058220078 144 1 3 0
2058226896 144 1 3 1
2058228033 106 0 1 0
2058231476 106 0 1 1
2058231890 144 1 3 0
2058233402 145 1 3 0
2058234956 144 1 3 1
2058235490 145 1 3 1
2058241210 144 1 3 0
2058244054 144 1 3 1
2058251400 144 1 3 0
2058251552 145 1 3 0
2058253950 145 1 3 1
2058254244 144 1 3 1
2058261490 144 1 3 0
2058262483 106 0 1 0
2058264366 144 1 3 1
2058265626 106 0 1 1
2058271650 144 1 3 0
2058272130 145 1 3 0
2058274483 145 1 3 1
2058274676 144 1 3 1
2058280830 144 1 3 0
2058283686 144 1 3 1
2058289870 144 1 3 0
2058290682 145 1 3 0
2058292856 144 1 3 1
2058292858 145 1 3 1
2058298233 106 0 1 0
2058300246 144 1 3 0
2058301526 106 0 1 1
2058303890 144 1 3 1
2058308630 144 1 3 0
2058311620 144 1 3 1
2058312922 145 1 3 0
2058315210 145 1 3 1
2058317120 144 1 3 0
2058320620 144 1 3 1
2058321710 144 1 3 0
2058330793 106 0 1 0
2058332790 145 1 3 0
2058334086 106 0 1 1
2058336018 145 1 3 1
2058351140 145 1 3 0
2058355416 145 1 3 1
2058361599 106 0 1 0
2058369462 145 1 3 0
2058373606 145 1 3 1
2058377440 106 0 1 1
2058387982 145 1 3 0
2058390039 106 0 1 0
2058392588 145 1 3 1
2058405879 106 0 1 1
2058408312 145 1 3 0
2058411858 145 1 3 1
2058426460 145 1 3 0
2058429999 106 0 1 0
2058430182 145 1 3 1
2058445792 145 1 3 0
2058447332 106 0 1 1
2058449250 145 1 3 1
2058463762 145 1 3 0
2058466953 106 0 1 0
2058467418 145 1 3 1
2058480176 106 0 1 1
2058483082 145 1 3 0
2058486428 145 1 3 1
2058501240 145 1 3 0
2058504433 106 0 1 0
2058504710 145 1 3 1
2058517746 106 0 1 1
2058520857 145 1 3 0
2058524181 145 1 3 1
2058530673 106 0 1 0
2058544577 106 0 1 1
2058550239 106 0 1 0
2058561840 145 1 3 0
2058563972 106 0 1 1
2058567528 145 1 3 1
2058571873 106 0 1 0
2058578176 106 0 1 1
2058582223 106 0 1 0
2058593336 106 0 1 1
2058602259 106 0 1 0
2058618060 145 1 3 0
2058620899 106 0 1 1
2058624388 145 1 3 1
2058630023 106 0 1 0
2058636486 106 0 1 1
2058637763 106 0 1 0
2058647096 106 0 1 1
2058647115 145 1 3 0
2058650771 145 1 3 1
2058652693 106 0 1 0
2058660436 106 0 1 1
2058667013 106 0 1 0
2058671242 145 1 3 0
2058674544 145 1 3 1
2058680286 106 0 1 1
2058686963 106 0 1 0
2058697824 106 0 1 1
2058699762 145 1 3 0
2058703418 145 1 3 1
2058706695 106 0 1 0
2058718548 106 0 1 1
2058728305 106 0 1 0
2058736071 106 0 1 1
2058744463 145 1 3 0
2058749401 145 1 3 1
2058750136 106 0 1 0
2058753891 106 0 1 1
2058757786 106 0 1 0
2058763282 106 0 1 1
2058767053 145 1 3 0
2058769913 145 1 3 1
2058770296 106 0 1 0
2058775462 106 0 1 1
2058778666 106 0 1 0
2058784013 106 0 1 1
2058790423 145 1 3 0
2058793417 145 1 3 1
2058795996 106 0 1 0
2058805609 106 0 1 1
2058813316 106 0 1 0
2058815923 145 1 3 0
2058816451 106 0 1 1
2058819049 145 1 3 1
2058819976 106 0 1 0
2058826077 106 0 1 1
2058836619 106 0 1 0
2058836731 145 1 3 0
2058839592 145 1 3 1
2058841194 106 0 1 1
2058847419 106 0 1 0
2058854919 106 0 1 1
2058858143 145 1 3 0
2058860939 145 1 3 1
2058866866 106 0 1 0
2058877442 106 0 1 1
2058884773 145 1 3 0
2058886396 106 0 1 0
2058887987 145 1 3 1
2058892859 106 0 1 1
2058893806 106 0 1 0
2058896473 106 0 1 1
2058903253 145 1 3 0
2058905739 145 1 3 1
2058908766 106 0 1 0
2058919115 106 0 1 1
2058924640 145 1 3 0
2058927333 145 1 3 1
2058931676 106 0 1 0
2058940549 106 0 1 1
2058946823 145 1 3 0
2058949507 145 1 3 1
2058952486 106 0 1 0
2058961574 106 0 1 1
2058968373 145 1 3 0
2058971040 145 1 3 1
2058972466 106 0 1 0
2058981005 106 0 1 1
2058985141 133 1 20 1
2058989832 145 1 3 0
2058991384 133 1 20 0
2058992716 145 1 3 1
2058993176 106 0 1 0
2058997496 133 1 20 1
2059001859 106 0 1 1
2059011823 145 1 3 0
2059012636 106 0 1 0
2059013487 133 1 20 0
2059014740 145 1 3 1
2059015823 106 0 1 1
2059017775 133 1 20 1
2059019496 106 0 1 0
2059028185 106 0 1 1
2059037870 145 1 3 0
2059038596 106 0 1 0
2059041130 145 1 3 1
2059041174 133 1 20 0
2059043039 106 0 1 1
2059044230 133 1 20 1
2059046456 106 0 1 0
2059053966 106 0 1 1
2059061153 145 1 3 0
2059063971 145 1 3 1
2059064119 133 1 20 0
2059065716 106 0 1 0
2059067021 133 1 20 1
2059075361 106 0 1 1
2059085390 145 1 3 0
2059088378 133 1 20 0
2059088780 145 1 3 1
2059091874 133 1 20 1
2059092746 106 0 1 0
2059103065 106 0 1 1
2059109463 145 1 3 0
2059112451 133 1 20 0
2059112611 145 1 3 1
2059115656 106 0 1 0
2059115705 133 1 20 1
2059123983 106 0 1 1
2059132373 145 1 3 0
2059135301 145 1 3 1
2059135361 133 1 20 0
2059136386 106 0 1 0
2059138386 133 1 20 1
2059141645 106 0 1 1
2059152080 145 1 3 0
2059155096 145 1 3 1
2059155102 133 1 20 0
2059158158 133 1 20 1
2059168056 106 0 1 0
2059172303 145 1 3 0
2059172485 106 0 1 1
2059174871 133 1 20 0
2059175209 145 1 3 1
2059192863 145 1 3 0
2059196189 145 1 3 1
2059213323 145 1 3 0
2059216471 145 1 3 1
2059230843 145 1 3 0
2059233771 145 1 3 1
2059233926 106 0 1 0
2059243885 106 0 1 1
2059251803 145 1 3 0
2059254685 145 1 3 1
2059270493 145 1 3 0
2059272676 106 0 1 0
2059273333 145 1 3 1
2059277945 106 0 1 1
2059289283 145 1 3 0
2059292055 145 1 3 1
2059304963 145 1 3 0
2059307737 145 1 3 1
2059323483 145 1 3 0
2059326433 145 1 3 1
2059341103 145 1 3 0
2059344075 145 1 3 1
2059355126 106 0 1 0
2059361423 145 1 3 0
2059363857 106 0 1 1
2059364277 145 1 3 1
2059379843 145 1 3 0
2059382947 145 1 3 1
2059391426 106 0 1 0
2059396567 106 0 1 1
2059399713 145 1 3 0
2059402641 145 1 3 1
2059418043 145 1 3 0
2059421125 145 1 3 1
2059427116 106 0 1 0
2059432285 106 0 1 1
2059437903 145 1 3 0
2059440853 145 1 3 1
2059458003 145 1 3 0
2059461239 145 1 3 1
2059463376 106 0 1 0
2059468193 106 0 1 1
2059480353 145 1 3 0
2059483391 145 1 3 1
2059496566 145 1 3 0
2059499360 145 1 3 1
2059499769 106 0 1 0
2059504165 106 0 1 1
2059509478 145 1 3 0
2059512186 145 1 3 1
2059522046 145 1 3 0
2059524644 145 1 3 1
2059525349 106 0 1 0
2059528698 106 0 1 1
2059534436 145 1 3 0
2059537098 145 1 3 1
2059546958 145 1 3 0
2059549444 145 1 3 1
2059551499 106 0 1 0
2059556141 106 0 1 1
2059561206 145 1 3 0
2059563558 145 1 3 1
2059572936 145 1 3 0
2059575510 145 1 3 1
2059576929 106 0 1 0
2059580922 106 0 1 1
2059586196 145 1 3 0
2059588836 145 1 3 1
2059598169 106 0 1 0
2059599426 145 1 3 0
2059602002 106 0 1 1
2059602090 145 1 3 1
2059612029 106 0 1 0
2059612206 145 1 3 0
2059614848 145 1 3 1
2059615100 106 0 1 1
2059623636 145 1 3 0
2059626364 145 1 3 1
2059634706 145 1 3 0
2059637390 145 1 3 1
2059642179 106 0 1 0
2059646554 106 0 1 1
2059648386 145 1 3 0
2059651026 145 1 3 1
2059660086 145 1 3 0
2059661439 106 0 1 0
2059662506 145 1 3 1
2059665310 106 0 1 1
2059671336 145 1 3 0
2059674020 145 1 3 1
2059682859 106 0 1 0
2059687086 145 1 3 0
2059689772 145 1 3 1
2059691340 106 0 1 1
2059698246 145 1 3 0
2059700932 145 1 3 1
2059709316 145 1 3 0
2059712000 145 1 3 1
2059716609 106 0 1 0
2059725246 145 1 3 0
2059728394 145 1 3 1
2059737036 145 1 3 0
2059739764 145 1 3 1
2059748016 145 1 3 0
2059750702 145 1 3 1
2059762326 145 1 3 0
2059765188 145 1 3 1
2059773666 145 1 3 0
2059776394 145 1 3 1
2059788876 145 1 3 0
2059791980 145 1 3 1
2059800306 145 1 3 0
2059802572 145 1 3 1
2059817496 145 1 3 0
2059820710 145 1 3 1
2059829466 145 1 3 0
2059832218 145 1 3 1
2059852416 145 1 3 0
2059856228 145 1 3 1
2059862946 145 1 3 0
2059866004 145 1 3 1
2059870146 145 1 3 0
2059873248 145 1 3 1
2059879146 145 1 3 0
2059882424 145 1 3 1
2059886568 145 1 3 0
2059890286 145 1 3 1
2059896442 145 1 3 0
2059900170 145 1 3 1
2059904256 145 1 3 0
2059908172 145 1 3 1
2059913592 145 1 3 0
2059916474 145 1 3 1
2059921126 145 1 3 0
2059924492 145 1 3 1
2059928646 145 1 3 0
2059932476 145 1 3 1
2059942866 145 1 3 0
2059946960 145 1 3 1
2059949034 92 0 1 1
2059951120 145 1 3 0
2059955146 145 1 3 1
2059959156 145 1 3 0
2059962882 145 1 3 1
2059969686 145 1 3 0
2059972652 145 1 3 1
2059985706 145 1 3 0
2059989108 145 1 3 1
2060003706 145 1 3 0
2060007256 145 1 3 1
2060013250 92 0 1 0
2060014776 145 1 3 0
2060017260 145 1 3 1
2060027466 145 1 3 0
2060030288 145 1 3 1
2060037873 92 0 1 1
2060042546 92 0 1 0
2060043126 145 1 3 0
2060046500 145 1 3 1
2060048209 92 0 1 1
2060053002 92 0 1 0
2060058485 92 0 1 1
2060059686 145 1 3 0
2060063088 92 0 1 0
2060063102 145 1 3 1
2060068861 92 0 1 1
2060073564 92 0 1 0
2060075886 145 1 3 0
2060079247 92 0 1 1
2060079270 145 1 3 1
2060083670 92 0 1 0
2060088573 92 0 1 1
2060094106 145 1 3 0
2060094566 92 0 1 0
2060097656 145 1 3 1
2060099959 92 0 1 1
2060104282 92 0 1 0
2060109785 92 0 1 1
2060110466 145 1 3 0
2060113830 145 1 3 1
2060114318 92 0 1 0
2060120211 92 0 1 1
2060124634 92 0 1 0
2060128426 145 1 3 0
2060130447 92 0 1 1
2060131704 145 1 3 1
2060134770 92 0 1 0
2060140383 92 0 1 1
2060144446 145 1 3 0
2060144806 92 0 1 0
2060147592 145 1 3 1
2060150559 92 0 1 1
2060155052 92 0 1 0
2060160765 92 0 1 1
2060160826 145 1 3 0
2060164102 145 1 3 1
2060165348 92 0 1 0
2060171171 92 0 1 1
2060172976 145 1 3 0
2060175306 145 1 3 1
2060175854 92 0 1 0
2060181719 92 0 1 1
2060186152 92 0 1 0
2060188106 145 1 3 0
2060191030 145 1 3 1
2060191975 92 0 1 1
2060196698 92 0 1 0
2060199716 145 1 3 0
2060202531 92 0 1 1
2060204286 145 1 3 1
2060206688 145 1 3 0
2060206974 92 0 1 0
2060212687 92 0 1 1
2060217120 92 0 1 0
2060222823 92 0 1 1
2060227166 92 0 1 0
2060232849 92 0 1 1
2060237102 92 0 1 0
2060242675 92 0 1 1
2060247008 92 0 1 0
2060252791 92 0 1 1
2060257124 92 0 1 0
2060262907 92 0 1 1
2060267430 92 0 1 0
2060273513 92 0 1 1
2060277816 92 0 1 0
2060283519 92 0 1 1
2060287982 92 0 1 0
2060293785 92 0 1 1
2060298268 92 0 1 0
2060304201 92 0 1 1
2060308604 92 0 1 0
2060314527 92 0 1 1
2060319130 92 0 1 0
2060324843 92 0 1 1
2060329056 92 0 1 0
2060334889 92 0 1 1
2060339412 92 0 1 0
2060345335 92 0 1 1
2060349758 92 0 1 0
2060355591 92 0 1 1
2060359814 92 0 1 0
2060365657 92 0 1 1
2060370070 92 0 1 0
2060376023 92 0 1 1
2060380506 92 0 1 0
2060386549 92 0 1 1
2060390982 92 0 1 0
2060396905 92 0 1 1
2060401308 92 0 1 0
2060407161 92 0 1 1
2060411564 92 0 1 0
2060417207 92 0 1 1
2060421510 92 0 1 0
2060427183 92 0 1 1
2060431896 92 0 1 0
2060437959 92 0 1 1
2060442482 92 0 1 0
2060448555 92 0 1 1
2060453168 92 0 1 0
2060455961 92 0 1 1
2060511844 92 0 1 0
2060529317 92 0 1 1
2060536190 92 0 1 0
2060542663 92 0 1 1
2060548756 92 0 1 0
2060554349 92 0 1 1
2060560042 92 0 1 0
2060566015 92 0 1 1
2060571908 92 0 1 0
2060577701 92 0 1 1
2060583384 92 0 1 0
2060588377 92 0 1 1
2060594560 92 0 1 0
2060599943 92 0 1 1
2060605126 92 0 1 0
2060610629 92 0 1 1
2060616312 92 0 1 0
2060622305 92 0 1 1
2060628088 92 0 1 0
2060633871 92 0 1 1
2060639584 92 0 1 0
2060645387 92 0 1 1
2060651090 92 0 1 0
2060656883 92 0 1 1
2060662496 92 0 1 0
2060668289 92 0 1 1
2060674002 92 0 1 0
2060679785 92 0 1 1
2060685788 92 0 1 0
2060691701 92 0 1 1
2060697394 92 0 1 0
2060703287 92 0 1 1
2060709200 92 0 1 0
2060715093 92 0 1 1
2060720796 92 0 1 0
2060726489 92 0 1 1
2060732192 92 0 1 0
2060737995 92 0 1 1
2060743498 92 0 1 0
2060749111 92 0 1 1
2060754594 92 0 1 0
2060760307 92 0 1 1
2060765710 92 0 1 0
2060771513 92 0 1 1
2060777296 92 0 1 0
2060783229 92 0 1 1
2060788842 92 0 1 0
2060794965 92 0 1 1
2060800568 92 0 1 0
2060806491 92 0 1 1
2060812204 92 0 1 0
2060818237 92 0 1 1
2060823930 92 0 1 0
2060829963 92 0 1 1
2060835706 92 0 1 0
2060841879 92 0 1 1
2060847562 92 0 1 0
2060853455 92 0 1 1
2060859038 92 0 1 0
2060865031 92 0 1 1
2060871004 92 0 1 0
2060877167 92 0 1 1
2060882580 92 0 1 0
2060888553 92 0 1 1
2060894056 92 0 1 0
2060900029 92 0 1 1
2060905632 92 0 1 0
2060911995 92 0 1 1
2060917358 92 0 1 0
2060923681 92 0 1 1
2060929364 92 0 1 0
2060935597 92 0 1 1
2060941400 92 0 1 0
2060947413 92 0 1 1
2060953689 92 0 1 0
2060959592 92 0 1 1
2060965475 92 0 1 0
2060971588 92 0 1 1
2060978281 92 0 1 0
2060984724 92 0 1 1
2060991387 92 0 1 0
2060997740 92 0 1 1
2061004313 92 0 1 0
2061007696 92 0 1 1
2061055339 92 0 1 0
2061075062 92 0 1 1
2061079745 92 0 1 0
2061086168 92 0 1 1
2061093841 92 0 1 0
2061100044 92 0 1 1
2061106747 92 0 1 0
2061113090 92 0 1 1
2061119883 92 0 1 0
2061126036 92 0 1 1
2061132849 92 0 1 0
2061138262 92 0 1 1
2061144835 92 0 1 0
2061150728 92 0 1 1
2061156981 92 0 1 0
2061162534 92 0 1 1
2061171027 92 0 1 0
2061176040 92 0 1 1
2061184173 92 0 1 0
2061189226 92 0 1 1
2061197449 92 0 1 0
2061202392 92 0 1 1
2061209545 92 0 1 0
2061215208 92 0 1 1
2061222371 92 0 1 0
2061228104 92 0 1 1
2061235557 92 0 1 0
2061241330 92 0 1 1
2061248783 92 0 1 0
2061254686 92 0 1 1
2061261959 92 0 1 0
2061267802 92 0 1 1
2061275275 92 0 1 0
2061281028 92 0 1 1
2061288281 92 0 1 0
2061294084 92 0 1 1
2061301187 92 0 1 0
2061306760 92 0 1 1
2061314903 92 0 1 0
2061320006 92 0 1 1
2061327579 92 0 1 0
2061332582 92 0 1 1
2061340635 92 0 1 0
2061345298 92 0 1 1
2061354401 92 0 1 0
2061358824 92 0 1 1
2061367237 92 0 1 0
2061372010 92 0 1 1
2061380923 92 0 1 0
2061385696 92 0 1 1
2061394339 92 0 1 0
2061399112 92 0 1 1
2061407465 92 0 1 0
2061412258 92 0 1 1
2061420861 92 0 1 0
2061425924 92 0 1 1
2061434637 92 0 1 0
2061439400 92 0 1 1
2061447383 92 0 1 0
2061452386 92 0 1 1
2061461019 92 0 1 0
2061466292 92 0 1 1
2061474435 92 0 1 0
2061479268 92 0 1 1
2061489411 92 0 1 0
2061492924 92 0 1 1
2061499867 92 0 1 0
2061503970 92 0 1 1
2061512083 92 0 1 0
2061516246 92 0 1 1
2061524769 92 0 1 0
2061528782 92 0 1 1
2061539455 92 0 1 0
2061543058 92 0 1 1
2061552671 92 0 1 0
2061556244 92 0 1 1
2061565817 92 0 1 0
2061569610 92 0 1 1
2061580803 92 0 1 0
2061584686 92 0 1 1
2061584872 145 1 2 1
2061589027 145 1 2 0
2061591323 145 1 2 1
2061593149 92 0 1 0
2061598152 92 0 1 1
2061603088 145 1 2 0
2061605616 145 1 2 1
2061606185 92 0 1 0
2061609608 92 0 1 1
2061612656 145 1 2 0
2061615646 145 1 2 1
2061622287 145 1 2 0
2061625275 145 1 2 1
2061631884 145 1 2 0
2061634848 145 1 2 1
2061641567 145 1 2 0
2061644533 145 1 2 1
2061649491 92 0 1 0
2061654401 145 1 2 0
2061656977 145 1 2 1
2061665964 92 0 1 1
2061669197 145 1 2 0
2061672183 145 1 2 1
2061673327 92 0 1 0
2061680360 92 0 1 1
2061681472 145 1 2 0
2061684416 145 1 2 1
2061690773 92 0 1 0
2061691144 145 1 2 0
2061693882 145 1 2 1
2061697896 92 0 1 1
2061701467 145 1 2 0
2061704284 145 1 2 1
2061706979 92 0 1 0
2061712809 145 1 2 0
2061713182 92 0 1 1
2061715867 145 1 2 1
2061721705 92 0 1 0
2061724055 145 1 2 0
2061726651 145 1 2 1
2061727478 92 0 1 1
2061734667 145 1 2 0
2061735281 92 0 1 0
2061737314 145 1 2 1
2061740574 92 0 1 1
2061745684 145 1 2 0
2061747717 92 0 1 0
2061748240 145 1 2 1
2061753390 92 0 1 1
2061756124 145 1 2 0
2061758740 145 1 2 1
2061760243 92 0 1 0
2061765626 92 0 1 1
2061766834 145 1 2 0
2061769868 145 1 2 1
2061773049 92 0 1 0
2061777872 92 0 1 1
2061778174 145 1 2 0
2061781234 145 1 2 1
2061782735 92 0 1 0
2061788974 145 1 2 0
2061792148 145 1 2 1
2061797661 83 0 1 1
2061799864 145 1 2 0
2061800338 83 0 1 0
2061803152 145 1 2 1
2061811294 145 1 2 0
2061814468 145 1 2 1
2061814491 83 0 1 1
2061817868 83 0 1 0
2061822544 145 1 2 0
2061825812 145 1 2 1
2061833254 145 1 2 0
2061836071 83 0 1 1
2061836082 145 1 2 1
2061839478 83 0 1 0
2061842255 145 1 2 0
2061844921 145 1 2 1
2061851704 145 1 2 0
2061854616 145 1 2 1
2061855341 83 0 1 1
2061858338 83 0 1 0
2061862054 145 1 2 0
2061865405 145 1 2 1
2061873304 145 1 2 0
2061876361 83 0 1 1
2061876658 145 1 2 1
2061880008 83 0 1 0
2061884284 145 1 2 0
2061887568 145 1 2 1
2061894305 145 1 2 0
2061897064 145 1 2 1
2061898211 83 0 1 1
2061901548 83 0 1 0
2061902374 145 1 2 0
2061905368 145 1 2 1
2061911734 145 1 2 0
2061915034 145 1 2 1
2061921724 145 1 2 0
2061924611 83 0 1 1
2061925192 145 1 2 1
2061927838 83 0 1 0
2061931894 145 1 2 0
2061935614 145 1 2 1
2061941974 145 1 2 0
2061944421 83 0 1 1
2061945460 145 1 2 1
2061950258 83 0 1 0
2061951375 145 1 2 0
2061954707 145 1 2 1
2061957211 83 0 1 1
2061959614 145 1 2 0
2061960588 83 0 1 0
2061962820 145 1 2 1
2061967091 83 0 1 1
2061968614 145 1 2 0
2061970278 83 0 1 0
2061972124 145 1 2 1
2061976061 83 0 1 1
2061978565 145 1 2 0
2061979418 83 0 1 0
2061982153 145 1 2 1
2061985381 83 0 1 1
2061988858 83 0 1 0
2061988954 145 1 2 0
2061992680 145 1 2 1
2061994641 83 0 1 1
2061997958 83 0 1 0
2061999815 145 1 2 0
2062003444 145 1 2 1
2062003444 145 1 2 0
2062003473 145 1 2 1
2062003561 83 0 1 1
2062008228 83 0 1 0
2062011814 145 1 2 0
2062014551 83 0 1 1
2062015542 145 1 2 1
2062020988 83 0 1 0
2062023874 145 1 2 0
2062026681 83 0 1 1
2062027530 145 1 2 1
2062033078 83 0 1 0
2062036024 145 1 2 0
2062038681 83 0 1 1
2062039490 145 1 2 1
2062045348 83 0 1 0
2062047724 145 1 2 0
2062050501 83 0 1 1
2062051172 145 1 2 1
2062057278 83 0 1 0
2062058524 145 1 2 0
2062061537 83 0 1 1
2062061830 145 1 2 1
2062067048 83 0 1 0
2062069545 145 1 2 0
2062072111 83 0 1 1
2062072685 145 1 2 1
2062078208 83 0 1 0
2062080124 145 1 2 0
2062083001 83 0 1 1
2062083238 145 1 2 1
2062089508 83 0 1 0
2062090384 145 1 2 0
2062093401 83 0 1 1
2062093596 145 1 2 1
2062100128 83 0 1 0
2062100734 145 1 2 0
2062103755 83 0 1 1
2062104004 145 1 2 1
2062110748 83 0 1 0
2062111084 145 1 2 0
2062114132 83 0 1 1
2062115151 145 1 2 1
2062116005 145 1 2 0
2062123988 83 0 1 0
2062134271 83 0 1 1
2062140478 83 0 1 0
2062147611 83 0 1 1
2062152208 83 0 1 0
2062158351 83 0 1 1
2062163288 83 0 1 0
2062169251 83 0 1 1
2062174528 83 0 1 0
2062180851 83 0 1 1
2062185508 83 0 1 0
2062191111 83 0 1 1
2062195768 83 0 1 0
2062201551 83 0 1 1
2062206158 83 0 1 0
2062211941 83 0 1 1
2062216638 83 0 1 0
2062222781 83 0 1 1
2062227598 83 0 1 0
2062233921 83 0 1 1
2062238628 83 0 1 0
2062244591 83 0 1 1
2062250118 83 0 1 0
2062256621 83 0 1 1
2062261519 83 0 1 0
2062267842 83 0 1 1
2062272568 83 0 1 0
2062278891 83 0 1 1
2062283528 83 0 1 0
2062289498 83 0 1 1
2062294008 83 0 1 0
2062300331 83 0 1 1
2062304808 83 0 1 0
2062312571 83 0 1 1
2062320308 83 0 1 0
2062331041 83 0 1 1
2062334438 83 0 1 0
2062343191 83 0 1 1
2062348390 83 0 1 0
2062356423 83 0 1 1
2062363810 83 0 1 0
2062371573 83 0 1 1
2062379110 83 0 1 0
2062386873 83 0 1 1
2062393510 83 0 1 0
2062402353 83 0 1 1
2062409440 83 0 1 0
2062420353 83 0 1 1
2062428850 83 0 1 0
2062466493 83 0 1 1
2062469550 83 0 1 0
2062483433 83 0 1 1
2062486020 83 0 1 0
2062500893 83 0 1 1
2062501870 83 0 1 0
2062515573 83 0 1 1
2062519510 83 0 1 0
2063410378 61 0 1 1
2063414158 61 0 1 0
2063420121 61 0 1 1
2063424058 61 0 1 0
2063430021 61 0 1 1
2063433688 61 0 1 0
2063439471 61 0 1 1
2063443138 61 0 1 0
2063448831 61 0 1 1
2063452588 61 0 1 0
2063458371 61 0 1 1
2063462038 61 0 1 0
2063467821 61 0 1 1
2063471488 61 0 1 0
2063477271 61 0 1 1
2063481028 61 0 1 0
2063486811 61 0 1 1
2063490478 61 0 1 0
2063496171 61 0 1 1
2063499838 61 0 1 0
2063505531 61 0 1 1
2063509198 61 0 1 0
2063514981 61 0 1 1
2063518648 61 0 1 0
2063524341 61 0 1 1
2063528098 61 0 1 0
2063534151 61 0 1 1
2063537998 61 0 1 0
2063543961 61 0 1 1
2063547808 61 0 1 0
2063553771 61 0 1 1
2063557528 61 0 1 0
2063563311 61 0 1 1
2063566978 61 0 1 0
2063572761 61 0 1 1
2063576518 61 0 1 0
2063582391 61 0 1 1
2063586148 61 0 1 0
2063592021 61 0 1 1
2063595778 61 0 1 0
2063601651 61 0 1 1
2063605408 61 0 1 0
2063611551 61 0 1 1
2063615308 61 0 1 0
2063621361 61 0 1 1
2063624938 61 0 1 0
2063630901 61 0 1 1
2063634478 61 0 1 0
2063640801 61 0 1 1
2063644378 61 0 1 0
2063650251 61 0 1 1
2063653828 61 0 1 0
2063659701 61 0 1 1
2063663278 61 0 1 0
2063669151 61 0 1 1
2063672728 61 0 1 0
2063678601 61 0 1 1
2063682268 61 0 1 0
2063688231 61 0 1 1
2063691988 61 0 1 0
2063698131 61 0 1 1
2063701798 61 0 1 0
2063707761 61 0 1 1
2063711428 61 0 1 0
2063717391 61 0 1 1
2063720968 61 0 1 0
2063726931 61 0 1 1
2063730598 61 0 1 0
2063736561 61 0 1 1
2063740228 61 0 1 0
2063746281 61 0 1 1
2063749948 61 0 1 0
2063755911 61 0 1 1
2063759758 61 0 1 0
2063765991 61 0 1 1
2063769568 61 0 1 0
2063775441 61 0 1 1
2063779108 61 0 1 0
2063785071 61 0 1 1
2063788648 61 0 1 0
2063794521 61 0 1 1
2063798278 61 0 1 0
2063804421 61 0 1 1
2063808088 61 0 1 0
2091292024 13 0 1 1
2091302747 13 0 1 0
2091307900 13 0 1 1
2091314133 13 0 1 0
2091537743 0 0 1 1
2091708086 0 0 1 0
2091727564 0 0 1 1
2091732016 0 0 1 0
2091736866 0 0 1 1
2091741246 0 0 1 0
2091745714 0 0 1 1
2091750006 0 0 1 0
2091754664 0 0 1 1
2091759046 0 0 1 0
2091763609 0 0 1 1
2091767916 0 0 1 0
2091772669 0 0 1 1
2091777136 0 0 1 0
2091781794 0 0 1 1
2091786276 0 0 1 0
2091791219 0 0 1 1
2091795676 0 0 1 0
2091801284 0 0 1 1
2091805086 0 0 1 0
2091811644 0 0 1 1
2091815326 0 0 1 0
2091821599 0 0 1 1
2091825196 0 0 1 0
2091831374 0 0 1 1
2091834956 0 0 1 0
2091841039 0 0 1 1
2091844566 0 0 1 0
2091850744 0 0 1 1
2091854246 0 0 1 0
2091860234 0 0 1 1
2091863936 0 0 1 0
2091870304 0 0 1 1
2091873886 0 0 1 0
2091880159 0 0 1 1
2091883746 0 0 1 0
2091890019 0 0 1 1
2091893806 0 0 1 0
2091900079 0 0 1 1
2091903666 0 0 1 0
2091909939 0 0 1 1
2091913446 0 0 1 0
2091919624 0 0 1 1
2091923216 0 0 1 0
2091929299 0 0 1 1
2091932816 0 0 1 0
2091938994 0 0 1 1
2091942576 0 0 1 0
2092980898 91 0 1 1
2092985098 91 0 1 0
2092990161 91 0 1 1
2092994458 91 0 1 0
2092999663 91 0 1 1
2093003644 91 0 1 0
2093009587 91 0 1 1
2093013808 91 0 1 0
2093018871 91 0 1 1
2093023078 91 0 1 0
2101480183 112 0 1 1
2101483113 112 0 1 0
2101493356 112 0 1 1
2101496253 112 0 1 0
2101506506 112 0 1 1
2101509483 112 0 1 0
2101520006 112 0 1 1
2101522983 112 0 1 0
2101533416 112 0 1 1
2101536303 112 0 1 0
2101547006 112 0 1 1
2101549803 112 0 1 0
2101562136 112 0 1 1
2101565013 112 0 1 0
2101577346 112 0 1 1
2101580313 112 0 1 0
2101592916 112 0 1 1
2101595793 112 0 1 0
2101608046 112 0 1 1
2101610913 112 0 1 0
2101623252 112 0 1 1
2101626123 112 0 1 0
2101638466 112 0 1 1
2101641333 112 0 1 0
2101653586 112 0 1 1
2101656453 112 0 1 0
2101668796 112 0 1 1
2101671663 112 0 1 0
2101684006 112 0 1 1
2101686963 112 0 1 0
2101699576 112 0 1 1
2101702443 112 0 1 0
2101714784 112 0 1 1
2101717743 112 0 1 0
2101730366 112 0 1 1
2101733225 112 0 1 0
2101745478 112 0 1 1
2101748343 112 0 1 0
2101760596 112 0 1 1
2101763553 112 0 1 0
2101775996 112 0 1 1
2101778853 112 0 1 0
2101791026 112 0 1 1
2101793883 112 0 1 0
2101806056 112 0 1 1
2101808913 112 0 1 0
2101821086 112 0 1 1
2101823943 112 0 1 0
2101836026 112 0 1 1
2101839603 112 0 1 0
2101850336 112 0 1 1
2101853463 112 0 1 0
2101864196 112 0 1 1
2101867413 112 0 1 0
2101878326 112 0 1 1
2101881543 112 0 1 0
2101892456 112 0 1 1
2101895763 112 0 1 0
